1520616230457033984.000000 0.000000000 0.000000000 0.000000000 0.000000000 0.000000000 0.000000000 1.000000000
1520616242357208576.000000 -0.298915952 -0.028086891 -0.311605543 0.064589985 0.170045123 -0.026465461 0.982960999
1520616243557736960.000000 0.185166165 -0.092687167 -0.428292513 0.056620479 0.082364269 -0.003706629 0.994985700
1520616244207471360.000000 0.480013669 -0.054733109 -0.389060915 0.064916879 0.038272075 -0.014860092 0.997045755
1520616244857556224.000000 0.751758635 0.125676841 -0.235541254 0.131381810 -0.062348001 0.027499970 0.988987029
1520616245107749376.000000 0.811264932 0.101902612 -0.120455675 0.087294869 -0.057144061 0.047977775 0.993384242
1520616245457936896.000000 0.820995331 0.041687474 0.046399545 0.051914901 -0.038191240 0.048037328 0.996764123
1520616246007963136.000000 0.690443575 -0.104590163 0.239076152 0.012202998 0.009370527 0.012023333 0.999809325
1520616246458091264.000000 0.501430094 -0.027695581 0.291310519 0.038065307 0.114263326 -0.002721855 0.992717206
1520616246808242688.000000 0.396235347 0.091608204 0.318106711 0.119932525 0.064224653 -0.013814534 0.990606129
1520616247208435968.000000 0.374274015 0.052989613 0.305851400 0.097402088 -0.120063007 0.043735169 0.987008095
1520616251057593600.000000 -0.093463674 -0.054002658 -0.191153407 -0.030432010 0.406693518 0.031329155 0.912519991
1520616255258017280.000000 0.436508685 -0.086596660 -0.072112031 0.099345118 0.233415306 -0.014902398 0.967174113
1520616257158056448.000000 -0.027126603 0.099370942 -0.151842505 0.072729230 -0.194568560 -0.000460179 0.978188813
1520616257808126464.000000 -0.288542360 0.138032928 -0.230459705 0.046111900 -0.132617429 -0.003925698 0.990086317
1520616258158051584.000000 -0.390046328 0.145531029 -0.302411973 0.100167736 -0.245205760 -0.026975183 0.963905036
1520616258458274560.000000 -0.406946748 0.125547260 -0.361973047 0.147123948 -0.044502676 -0.050675362 0.986816108
1520616258958390272.000000 -0.216078833 0.048970211 -0.382680535 0.119920664 -0.182861611 -0.021316351 0.975564599
1520616260008077568.000000 0.186837688 -0.053952936 -0.299281836 0.215243384 -0.045316715 -0.012153408 0.975432694
1520616260907889408.000000 0.484085500 -0.088986352 -0.222803727 -0.023984291 0.034510873 0.206240043 0.977598488
1520616261357939200.000000 0.559219480 -0.068087809 -0.175205454 0.026633874 0.116504967 0.256964296 0.959002912
1520616262258032640.000000 0.676908135 -0.065901399 -0.138271928 0.075689912 0.139600486 -0.081210077 0.983965278
1520616262658068736.000000 0.818756640 -0.036742013 -0.105281986 0.062926278 0.011621688 -0.012630787 0.997870564
1520616262958124544.000000 0.938513279 -0.007056146 -0.048078816 0.049875062 -0.140378162 -0.005159666 0.988827527
1520616263308310016.000000 1.048304319 0.026726907 0.083949685 0.056284051 -0.224177897 0.014286846 0.972816646
1520616263708673024.000000 1.143536687 0.056522332 0.253040314 0.089775525 -0.239718780 -0.026913602 0.966307878
1520616264058684160.000000 1.233517289 0.079748824 0.430540234 0.085923441 -0.178895667 0.000087376 0.980108917
1520616264409616128.000000 1.303041458 0.104246356 0.638321877 0.047549494 -0.135333404 -0.008302420 0.989623666
1520616264759873536.000000 1.361783266 0.114584267 0.867550135 0.066601969 -0.113155596 0.006265206 0.991322696
1520616265059958528.000000 1.397518039 0.163895726 1.092105508 0.039912429 -0.114449695 -0.029901164 0.992176473
1520616265459988224.000000 1.488527417 0.171482682 1.377873778 0.092179805 -0.191060960 -0.060572557 0.975361228
1520616265810111744.000000 1.679779410 0.177359492 1.567818284 0.079587586 -0.417537689 -0.087404959 0.900937557
1520616266210988032.000000 1.943746328 0.187099293 1.701951027 0.063810632 -0.541761637 -0.073543079 0.834873617
1520616266661953280.000000 2.251748562 0.177950516 1.788071871 0.019005755 -0.658696234 -0.045771010 0.750774980
1520616267062324480.000000 2.538797855 0.182096794 1.795839906 0.023233416 -0.722504795 -0.049980652 0.689165413
1520616267461685760.000000 2.822597265 0.158159167 1.803578734 0.039117321 -0.716082573 -0.039751302 0.695784032
1520616267611690752.000000 2.935053349 0.164295286 1.801735044 0.050421756 -0.720862448 -0.029402671 0.690616012
1520616267860709888.000000 3.108594179 0.138093829 1.799937606 0.044166479 -0.741599977 -0.043783635 0.667953432
1520616267960712704.000000 3.178715467 0.137389064 1.793950081 0.036603764 -0.745901883 -0.047467049 0.663353205
1520616268110717696.000000 3.287294388 0.146808818 1.783390403 0.039737705 -0.747449338 -0.045481157 0.661567748
1520616268260017920.000000 3.393311262 0.134021476 1.776805878 0.042040445 -0.739111543 -0.034602594 0.671378732
1520616268410022912.000000 3.494746447 0.119061790 1.777150273 0.046327554 -0.729614377 -0.043568946 0.680895269
1520616268560027904.000000 3.600483656 0.124120682 1.773535728 0.041048031 -0.730329990 -0.033339597 0.681044519
1520616268710212864.000000 3.705796242 0.126026109 1.772004724 0.037710346 -0.737536788 -0.015928892 0.674064994
1520616268810215680.000000 3.770214319 0.116180435 1.771447897 0.038715489 -0.745617270 -0.011661284 0.665146649
1520616269111554816.000000 3.952740908 0.096022405 1.781438828 0.020488804 -0.737196743 0.000518351 0.675367296
1520616269361561856.000000 4.090039253 0.087470286 1.802637458 0.004196483 -0.728350222 0.012640992 0.685075581
1520616269664372224.000000 4.215444088 0.077389725 1.845932961 0.003107767 -0.740380704 -0.005813308 0.672155499
1520616270116772864.000000 4.339434147 0.071969263 1.915948272 -0.005710124 -0.778106093 0.000527169 0.628106713
1520616272117180928.000000 4.389002800 0.066307977 1.946964622 -0.006635633 -0.766604483 -0.057357684 0.639518261
1520616273767233024.000000 4.471756458 0.071978562 2.001216888 0.015720541 -0.755954266 -0.032668065 0.653619766
1520616274217246976.000000 4.477374077 0.072259314 2.026500463 0.015394588 -0.763107955 -0.021948952 0.645714760
1520616274617260032.000000 4.471437931 0.084526516 2.050517321 0.042492330 -0.734178007 -0.022032773 0.677267790
1520616274917268992.000000 4.467430592 0.089910746 2.107646942 0.050538290 -0.666280150 -0.013076880 0.743872046
1520616275167232512.000000 4.455839157 0.081301890 2.172636747 0.037093453 -0.589003861 -0.014801693 0.807142735
1520616275417239552.000000 4.447450161 0.086104609 2.236281633 0.042155504 -0.504748404 -0.013617725 0.862129033
1520616275565956096.000000 4.428218842 0.086691923 2.249201298 0.056395516 -0.438695997 -0.010707498 0.896800280
1520616275715961088.000000 4.409706116 0.087372750 2.258477211 0.079526976 -0.370584607 -0.015876308 0.925251544
1520616275765961984.000000 4.402367115 0.086590827 2.262034893 0.080064848 -0.345003873 -0.012496833 0.935096681
1520616275865966080.000000 4.388745785 0.088022269 2.270790577 0.067812286 -0.287362903 -0.008526215 0.955380201
1520616275961756928.000000 4.388473511 0.093343399 2.288200855 0.075303890 -0.236100912 -0.009898348 0.968755782
1520616276359541760.000000 4.349582195 0.113370277 2.363115311 0.106907360 -0.072152682 -0.007435326 0.991619647
1520616276859186432.000000 4.343522072 0.109488443 2.520750523 0.074320279 -0.049909804 -0.022467801 0.995731235
1520616277159195392.000000 4.365182877 0.113697439 2.642974615 0.033959515 -0.045436565 -0.023491338 0.998113453
1520616277509295360.000000 4.385026455 0.095167130 2.785188198 0.016835088 -0.006719849 -0.017166844 0.999688327
1520616277659342336.000000 4.383076668 0.092719451 2.841336966 0.003822320 0.012039977 -0.013311470 0.999831617
1520616277909350400.000000 4.365447521 0.083589524 2.925400257 -0.017264528 0.052273728 -0.018719662 0.998308063
1520616278159232256.000000 4.317891121 0.081024155 2.979994297 -0.025090490 0.184452504 -0.011165195 0.982457697
1520616278359238400.000000 4.259524822 0.088218756 2.994564295 -0.031168267 0.335406780 -0.001860945 0.941555798
1520616278559217920.000000 4.190462589 0.094758444 2.982349157 -0.012509335 0.470710218 0.006809116 0.882172883
1520616278759223808.000000 4.109430313 0.099351346 2.955632925 -0.020002764 0.567156613 -0.007879246 0.823329329
1520616278959622400.000000 4.025918961 0.097073421 2.915833473 -0.012043436 0.635172367 -0.032399051 0.771596611
1520616279159629312.000000 3.940153837 0.097677141 2.875619411 -0.002791681 0.688535213 -0.036973279 0.724254429
1520616279360554496.000000 3.848605156 0.105507836 2.840933084 0.004241367 0.725325584 -0.065627687 0.685257494
1520616279560560384.000000 3.759648800 0.094886445 2.821322441 0.012850957 0.744973958 -0.088541545 0.661066592
1520616279761720832.000000 3.673373461 0.091858819 2.820653677 0.022103235 0.722055972 -0.085327998 0.686196566
1520616279961726976.000000 3.583553314 0.095702514 2.843461514 0.030547677 0.657688498 -0.093178667 0.746880412
1520616280161968128.000000 3.510327101 0.092498012 2.898425341 0.032788225 0.546419084 -0.079813965 0.833055139
1520616280361974016.000000 3.463546753 0.082239620 2.977231026 -0.010097177 0.412163556 -0.089368083 0.906660140
1520616280660836096.000000 3.446731567 0.080209546 3.102757454 -0.052902099 0.193650424 -0.073327340 0.976895094
1520616280959530496.000000 3.466625452 0.081791192 3.199934483 -0.069466121 -0.034501795 -0.038902853 0.996228218
1520616281258982656.000000 3.521455050 0.082075499 3.240518570 -0.106125265 -0.309619397 -0.041819759 0.943993866
1520616281559086592.000000 3.600650549 0.084997818 3.161445856 -0.092755549 -0.584803760 -0.020122934 0.805602908
1520616281809110016.000000 3.643121719 0.089679621 3.041509151 -0.062773310 -0.742441416 0.018183077 0.666715562
1520616282109300736.000000 3.688903570 0.106798857 2.924926996 -0.024720507 -0.854756832 0.030718835 0.517528772
1520616282359308800.000000 3.752031326 0.112296484 2.847265482 -0.006169053 0.897726595 -0.053635396 -0.437232375
1520616282609504512.000000 3.824921370 0.112940498 2.792589426 -0.024090746 0.915140688 -0.029865334 -0.401304364
1520616282759508736.000000 3.879116774 0.120466866 2.759579897 -0.007422654 0.922534466 -0.017442999 -0.385448813
1520616282959934464.000000 3.958343029 0.125015110 2.714280367 0.023006171 0.925391316 -0.002954194 -0.378302634
1520616283109938432.000000 4.015171051 0.118930966 2.684774876 0.040784262 0.924896240 0.012763430 -0.377810299
1520616283259943424.000000 4.072071075 0.117686033 2.650014639 0.040846836 0.931540668 0.027701940 -0.360272348
1520616283411048704.000000 4.128881454 0.119645253 2.604151011 0.061112665 0.940569401 0.012649496 -0.333818018
1520616283561053696.000000 4.176894665 0.113637291 2.556682587 0.066606604 0.956108510 0.018365286 -0.284750491
1520616283712105472.000000 4.212543964 0.102762923 2.501665831 0.077389635 0.974264085 0.022231251 -0.210537747
1520616283862110464.000000 4.239686966 0.101662613 2.442133427 0.070864499 0.985348642 0.020238848 -0.153807163
1520616284012114432.000000 4.267176151 0.102044478 2.377928495 0.073267631 0.988619626 0.008766115 -0.131096125
1520616284212153856.000000 4.311165333 0.102471344 2.280414581 0.053868029 0.990973532 -0.008137121 -0.122488774
1520616284561343744.000000 4.388557434 0.090813555 2.120621443 0.010490119 0.986741245 -0.020464502 -0.160663888
1520616284711347712.000000 4.430547714 0.083934963 2.056186676 -0.011902929 0.977903128 -0.031769652 -0.206287295
1520616284861352704.000000 4.476869583 0.068318807 2.002767086 -0.031151246 0.962623835 -0.031551786 -0.267188102
1520616285917613056.000000 4.925428391 0.062033560 1.848281980 0.019371370 -0.744953811 0.033033662 0.666016042
1520616286117618944.000000 5.010405064 0.051492624 1.838976026 0.005815742 -0.739164770 0.027663792 0.672931135
1520616286517630976.000000 5.193881512 0.037060350 1.799353480 -0.050524302 -0.772739947 0.011565438 0.632602990
1520616286917644032.000000 5.331905365 0.014325484 1.654901266 0.138793990 0.920902371 0.002925773 -0.364234090
1520616287267610624.000000 5.356325150 0.015573456 1.476948857 0.125194296 0.987513900 -0.003335070 -0.095558971
1520616287815662336.000000 5.368426800 -0.008573605 1.225918770 0.032547306 0.996603966 -0.047681458 -0.058717232
1520616288214765312.000000 5.471132278 -0.014559701 1.056259513 -0.025827883 0.972874582 -0.061541468 -0.221496210
1520616288564776192.000000 5.610199451 -0.032196879 0.949302197 0.004180626 0.932787001 -0.071036443 -0.353333801
1520616288764394752.000000 5.700243473 -0.032772157 0.886634886 0.027481979 0.914520621 -0.050390139 -0.400446713
1520616289014402560.000000 5.810166836 -0.051792134 0.828796148 0.042691968 0.886624277 -0.043319762 -0.458473712
1520616289264560384.000000 5.923024654 -0.051342573 0.747770548 0.053832937 0.891586423 -0.056496371 -0.446076065
1520616289514491648.000000 6.014925957 -0.076674350 0.652831316 0.061013114 0.928073168 -0.054220803 -0.363342345
1520616289814500608.000000 6.085785389 -0.080285415 0.517885327 0.082704976 0.956912577 -0.034684848 -0.276179612
1520616290112295680.000000 6.088891029 -0.100440666 0.368579447 0.075754106 0.987487018 -0.063932061 -0.122651249
1520616290410270720.000000 6.040434361 -0.109760642 0.225659937 0.059124444 0.994125307 -0.077394947 0.047213674
1520616290659277056.000000 5.989419937 -0.118219890 0.116573192 0.015332845 0.983194947 -0.104270920 0.149064437
1520616290859282944.000000 5.940402508 -0.105925620 0.034393966 0.004621105 0.978673518 -0.105061181 0.176462382
1520616291108960768.000000 5.911750317 -0.105953947 -0.056246165 0.010670539 0.992279649 -0.061935585 0.106916644
1520616291308966656.000000 5.915508747 -0.107498959 -0.139577910 0.007726650 0.997546792 -0.054535009 0.043204397
1520616291509093632.000000 5.941032410 -0.105883859 -0.236249864 -0.015152059 0.997255623 -0.064134091 -0.033741098
1520616291709099776.000000 5.991079330 -0.133249581 -0.319884568 -0.008387409 0.985998094 -0.089954391 -0.140163034
1520616291909511936.000000 6.054499626 -0.143016845 -0.382097185 -0.008409575 0.957953870 -0.095026270 -0.270598620
1520616292109518848.000000 6.121334076 -0.142178133 -0.421224713 -0.003233153 0.897539973 -0.110891782 -0.426748812
1520616292309630976.000000 6.180467606 -0.150651455 -0.413703948 -0.001434767 -0.801351786 0.132226810 0.583394647
1520616292509637120.000000 6.221828938 -0.156306446 -0.365066648 -0.011570890 -0.663072050 0.176455125 0.727368653
1520616292659642112.000000 6.234351635 -0.149017617 -0.313847929 -0.004427046 -0.561083257 0.188152134 0.806079865
1520616292809680128.000000 6.219825745 -0.141980737 -0.252270550 -0.006699432 -0.437543303 0.175157532 0.881947160
1520616293009685248.000000 6.170124054 -0.123939879 -0.168416128 -0.008474833 -0.236872390 0.146599784 0.960379183
1520616293111436544.000000 6.140422821 -0.114063375 -0.131222740 -0.006908277 -0.154940471 0.126734972 0.979736686
1520616293261440512.000000 6.090928078 -0.102599159 -0.085646614 -0.008200511 -0.041051935 0.069371387 0.996712148
1520616293461447680.000000 6.014510155 -0.100240998 -0.038947869 -0.005051219 0.087894030 0.004553454 0.996106625
1520616293715194880.000000 5.922667027 -0.089871280 0.023345979 -0.005259963 0.182825148 -0.050903119 0.981812716
1520616294017365504.000000 5.861140251 -0.099571273 0.125788167 -0.010664821 0.138714001 -0.087448813 0.986406326
1520616294267372544.000000 5.851460934 -0.089704148 0.229391038 -0.000124311 0.055771284 -0.066223554 0.996244967
1520616294467879936.000000 5.860723495 -0.072120175 0.334879071 -0.002985585 0.008356187 -0.038452227 0.999221027
1520616294667886080.000000 5.872536659 -0.067529291 0.437361568 0.016051650 -0.027413299 0.016816942 0.999353826
1520616294867891968.000000 5.875778675 -0.055066433 0.544848204 0.005518186 -0.024769863 0.065168165 0.997551560
1520616295117900032.000000 5.852043152 -0.059656929 0.673157692 -0.027467335 0.014677499 0.088154078 0.995619893
1520616295317905920.000000 5.814815521 -0.047609922 0.761669815 -0.016188361 0.100176618 0.106485434 0.989122570
1520616295467911936.000000 5.777275085 -0.024058416 0.818367064 -0.023996387 0.194998235 0.115052737 0.973736465
1520616295617915904.000000 5.723822117 -0.014571958 0.851230681 -0.007826491 0.310508251 0.089952469 0.946272671
1520616295817922048.000000 5.643695831 -0.013926788 0.878622711 0.011158565 0.422918320 0.047511153 0.904852629
1520616296167932928.000000 5.502375603 -0.009681940 0.958730400 0.044671789 0.457114428 -0.035617750 0.887570977
1520616296417940992.000000 5.419810295 -0.017930839 1.051356196 0.035518121 0.397283137 -0.060337674 0.915021300
1520616296717949952.000000 5.335980892 -0.005377952 1.193140864 0.020542838 0.301528633 -0.105390429 0.947391868
1520616296967958016.000000 5.303955078 0.004390499 1.326192856 0.016446464 0.175828636 -0.102632582 0.978917956
1520616297267030528.000000 5.335770130 0.023101659 1.495683789 -0.018637147 -0.039748929 -0.071798414 0.996452570
1520616297567039488.000000 5.453684330 0.027608193 1.623268604 -0.037231226 -0.271780550 -0.068573259 0.959190726
1520616298117993984.000000 5.739857674 0.053423792 1.770548940 -0.036683422 -0.499510229 -0.046754174 0.864267290
1520616298566201600.000000 6.021488667 0.039545853 1.798366189 -0.025016543 -0.692456663 -0.000531622 0.721025407
1520616298964427008.000000 6.275432110 0.035518959 1.804304004 0.003917484 -0.717938900 0.001404572 0.696093678
1520616299362954752.000000 6.532835484 0.033952937 1.829625130 -0.022980724 -0.714256108 0.029528068 0.698883533
1520616299761589760.000000 6.786067009 0.016313436 1.809418797 -0.021030596 -0.743196845 0.017257921 0.668519557
1520616300060639232.000000 6.973685741 -0.001638887 1.791340947 0.004508306 -0.731994331 0.019556263 0.681015074
1520616300410651136.000000 7.195336819 -0.001320188 1.777825475 -0.003023645 -0.716563225 0.054275975 0.695400715
1520616300660215296.000000 7.345023155 -0.020182030 1.766930819 0.014543342 -0.733622015 0.040822443 0.678174555
1520616300860221184.000000 7.469251156 -0.012563749 1.760699034 0.004496112 -0.709754944 0.033959046 0.703615308
1520616301060603904.000000 7.585222244 -0.021057535 1.767238855 -0.001520695 -0.662265778 0.044663396 0.747935116
1520616301210608896.000000 7.663718224 -0.033434052 1.785942793 0.011858851 -0.617303252 0.035354387 0.785841048
1520616301462202368.000000 7.797932148 -0.020979155 1.817100883 0.030026585 -0.555723429 0.062810458 0.828447223
1520616301662208256.000000 7.894119740 -0.035077009 1.847999930 0.019046303 -0.526139021 0.066409409 0.847587645
1520616302062008576.000000 8.031880379 -0.029572655 1.938762188 0.014753204 -0.328992873 0.065483570 0.941943705
1520616302310904064.000000 8.073660851 -0.036656082 2.005580664 0.025492003 -0.180475026 0.040761579 0.982403874
1520616302509995008.000000 8.096963882 -0.019702345 2.071702957 0.036560506 -0.093628898 0.038530294 0.994189322
1520616302660000000.000000 8.112192154 -0.015439023 2.131143093 0.025412135 -0.063554332 0.045309514 0.996625364
1520616302910008064.000000 8.123220444 -0.019035628 2.231306076 0.015933836 -0.006598714 0.039052840 0.999088287
1520616303109623552.000000 8.127615929 -0.005462469 2.326489925 0.003684961 0.030034117 0.012819785 0.999459863
1520616303309629696.000000 8.134145737 -0.013863404 2.426541328 -0.032330532 0.044749901 -0.022179600 0.998228550
1520616303509374208.000000 8.134693146 -0.010166497 2.524648666 -0.005206859 0.054285038 -0.015677746 0.998388827
1520616303709380096.000000 8.137517929 0.013754020 2.633592606 -0.015173210 0.047552656 -0.005916387 0.998735964
1520616303859316992.000000 8.136884689 0.011228629 2.712052345 -0.033202060 0.036912445 -0.009249735 0.998723924
1520616304109325056.000000 8.130985260 -0.003275015 2.830926180 -0.046095796 0.060333669 -0.011071904 0.997051895
1520616304359712768.000000 8.068469048 0.013039538 2.895216227 -0.063231990 0.292500079 0.032564912 0.953616798
1520616304609763072.000000 7.981354713 0.015096132 2.886317730 -0.059485927 0.524536848 0.034382377 0.848610878
1520616304859771136.000000 7.890975952 0.027514793 2.845157146 -0.054051183 0.655660868 0.014231498 0.752983928
1520616305059528448.000000 7.827324867 0.029374482 2.809998512 -0.021030428 0.702325344 -0.011579917 0.711451173
1520616305259535360.000000 7.752797127 0.040210754 2.783719063 0.000266102 0.728244305 -0.028395405 0.684729040
1520616305509526528.000000 7.644293785 0.045030564 2.762575388 0.027229372 0.731492996 -0.044967566 0.679819465
1520616305709533696.000000 7.552481651 0.044940788 2.752164364 0.039454199 0.706848502 -0.032500587 0.705515563
1520616305909611520.000000 7.449543953 0.058060512 2.752415180 0.035826303 0.660328507 -0.039949648 0.749057293
1520616306109617408.000000 7.344646454 0.061440744 2.761131763 0.058049206 0.613177896 -0.053828713 0.785967946
1520616306359846144.000000 7.234294415 0.070942737 2.808963776 0.085596792 0.528823733 -0.035784431 0.843645751
1520616306610307584.000000 7.145861626 0.089729808 2.902312040 0.079148673 0.438097835 -0.046061192 0.894250572
1520616306860316672.000000 7.093419075 0.094268173 3.020412683 0.086294904 0.303089470 -0.037748020 0.948295891
1520616307160326400.000000 7.048110485 0.116224274 3.171153545 0.061409481 0.155716136 -0.027788993 0.985499442
1520616307410333440.000000 7.032461166 0.113198385 3.289767265 0.049911104 0.049874105 0.002661449 0.997504056
1520616307710043904.000000 7.029942036 0.133293912 3.436989069 0.039173134 0.001145887 0.000242120 0.999231756
1520616308009858816.000000 7.018617630 0.129406855 3.582138300 0.038756099 -0.007205784 -0.000689629 0.999222457
1520616308359785472.000000 7.008476734 0.146184042 3.754070759 0.006767647 -0.023872342 -0.000207418 0.999692082
1520616308709900032.000000 7.027807236 0.142987952 3.901962519 0.006686209 -0.131622046 -0.010210748 0.991224825
1520616309009908992.000000 7.104989529 0.135869876 3.984895706 -0.045021545 -0.261807531 -0.047280930 0.962909341
1520616309310441216.000000 7.198457718 0.131887749 3.975793839 -0.068137482 -0.505050421 -0.009249249 0.860346317
1520616309560191232.000000 7.228553772 0.138453797 3.906522036 -0.054379590 -0.718520105 -0.010211634 0.693301797
1520616309860200192.000000 7.195609093 0.135627598 3.767180443 0.073344849 0.898631632 -0.005671856 -0.432492286
1520616310160058368.000000 7.132975578 0.139395237 3.626138210 0.065814555 0.975786030 -0.005795000 -0.208510160
1520616310509905152.000000 7.099151611 0.139606789 3.467642784 0.051130746 0.996788681 -0.000334116 -0.061627150
1520616310809837824.000000 7.078429699 0.110929579 3.335993528 0.035395462 0.999071181 -0.014992526 0.019472560
1520616311059845888.000000 7.073934078 0.111323021 3.217179775 0.018308192 0.998974562 -0.035959449 -0.020531598
1520616311309795840.000000 7.107814312 0.087869301 3.106810331 -0.005699608 0.989013374 -0.031414397 -0.144337237
1520616311559821056.000000 7.165603161 0.090909295 3.002106905 -0.039653458 0.963094056 -0.039769936 -0.263240993
1520616311910163200.000000 7.278481483 0.066394798 2.891620874 -0.035112910 0.919616938 -0.082038790 -0.382546008
1520616312310176256.000000 7.451693058 0.067152344 2.825263739 0.006864654 -0.836770535 0.072788142 0.542650759
1520616312760013824.000000 7.671689510 0.058541521 2.749133348 0.019718530 -0.833690822 0.050667651 0.549548507
1520616313210789888.000000 7.863178253 0.060478605 2.631473780 -0.016177783 0.906835854 -0.054200388 -0.417671293
1520616313562566912.000000 7.997735023 0.048893332 2.503011465 0.005496189 0.940329671 -0.055809036 -0.335611820
1520616313912577792.000000 8.098752022 0.055802032 2.353696108 -0.015162524 0.966872215 -0.059759118 -0.247703612
1520616314314083584.000000 8.207449913 0.022061961 2.171079636 -0.029054426 0.980702937 -0.047996473 -0.187280253
1520616314663539456.000000 8.327422142 0.014629928 2.025480747 -0.044735726 0.946630061 -0.062626749 -0.312998593
1520616315063773952.000000 8.504247665 0.008642051 1.899147272 -0.038984511 0.885401189 -0.090840891 -0.454194784
1520616315362839552.000000 8.636513710 -0.004922103 1.831336975 0.031231595 -0.842697144 0.073064446 0.532492042
1520616315611988224.000000 8.739985466 -0.010497555 1.778088570 0.023974059 -0.799912274 0.083752237 0.593760192
1520616315911937024.000000 8.852518082 -0.029213002 1.726829767 0.019795269 -0.742491245 0.076602213 0.665166914
1520616316161332224.000000 8.940011024 -0.037592199 1.671751618 0.031100731 -0.749971688 0.102674760 0.652712107
1520616316461025536.000000 9.031198502 -0.052281991 1.641179919 -0.010601359 -0.744468749 0.105205975 0.659231067
1520616316711034624.000000 9.078764915 -0.057915483 1.623040080 0.001539062 -0.730731905 0.105904229 0.674398124
1520616316961027072.000000 9.110372543 -0.056101069 1.605186343 0.003578805 -0.714804649 0.091604218 0.693289340
1520616317161033984.000000 9.126626968 -0.056311548 1.585508585 0.014718966 -0.709462643 0.089718744 0.698853850
1520616317911544320.000000 9.147423744 -0.052481424 1.559733510 0.013466195 -0.767174304 0.064132161 0.638082564
1520616318161901056.000000 9.148810387 -0.045132697 1.540702581 0.004222626 -0.799272656 0.048897669 0.598961115
1520616318512434432.000000 9.159852982 -0.051752299 1.480793238 0.008851220 -0.832653344 0.066148154 0.549758554
1520616318812443392.000000 9.164418221 -0.050237764 1.436084867 0.008886445 -0.852909923 0.066858433 0.517682910
1520616319162780928.000000 9.162264824 -0.053385042 1.374281764 0.009513926 0.900550425 -0.050866533 -0.431660831
1520616319462648064.000000 9.161417007 -0.064812928 1.315372586 -0.005173364 0.926373422 -0.060532954 -0.371673554
1520616319961405440.000000 9.177308083 -0.067127921 1.210779548 -0.018717600 0.964394987 -0.041227911 -0.260561377
1520616320360562688.000000 9.229058266 -0.079126023 1.112272978 0.019867137 0.975544572 -0.050983701 -0.212881923
1520616320910166016.000000 9.309556961 -0.096533366 0.942556679 -0.019656450 0.978416026 -0.053513218 -0.198625460
1520616321260177152.000000 9.397837639 -0.114182360 0.845957279 -0.048362147 0.949789047 -0.085908249 -0.296953917
1520616321510276096.000000 9.491765976 -0.117648862 0.798969984 -0.050128814 0.921481311 -0.097923636 -0.372518867
1520616321660281088.000000 9.550773621 -0.133004054 0.774870038 -0.022811381 0.911983788 -0.106683843 -0.395453811
1520616321860266496.000000 9.631726265 -0.140166342 0.752012551 -0.025918068 0.897137165 -0.087643027 -0.432194203
1520616322060273408.000000 9.713888168 -0.142289639 0.727382779 -0.031302754 0.885344148 -0.087729141 -0.455510080
1520616322260387840.000000 9.795289040 -0.151483431 0.708355844 -0.020553205 0.875457644 -0.058382433 -0.479315102
1520616322460393728.000000 9.875546455 -0.166861206 0.674725115 0.001845102 0.892795146 -0.059912175 -0.446457058
1520616322660890624.000000 9.938856125 -0.173611403 0.619257152 0.026148815 0.939437211 -0.065985896 -0.335290611
1520616322960877312.000000 9.985058784 -0.190853149 0.522198498 0.016398285 0.987299979 -0.037323803 -0.153547496
1520616323210885120.000000 10.019673347 -0.199898720 0.420293808 0.030274210 0.996925414 -0.039145987 -0.060751934
1520616323460486912.000000 10.048367500 -0.230007455 0.325834662 0.042578742 0.998637319 -0.017603397 -0.024510045
1520616323710499840.000000 10.076897621 -0.243431374 0.213881269 0.045166198 0.997927427 -0.043713983 -0.013783438
1520616323910277376.000000 10.094529152 -0.270506024 0.128757298 0.050149415 0.996185303 -0.070825130 0.009146969
1520616324160285440.000000 10.106639862 -0.279924303 0.016890511 0.061741028 0.995928407 -0.062361829 0.020629993
1520616324360120320.000000 10.110239983 -0.286221921 -0.085695475 0.054944593 0.994589090 -0.085142069 0.022900710
1520616324560126464.000000 10.123212814 -0.304921627 -0.176664293 0.053402808 0.995149374 -0.082618020 0.000315646
1520616324760008448.000000 10.132089615 -0.306700796 -0.276109546 0.040284619 0.995315671 -0.084933519 0.022586033
1520616325010121472.000000 10.113778114 -0.330751300 -0.385508478 0.065866664 0.981518030 -0.112734228 0.139910564
1520616325210128384.000000 10.070644379 -0.336087078 -0.453857332 0.067120910 0.956242561 -0.115220249 0.260421276
1520616325460436992.000000 10.005141258 -0.334166914 -0.504510760 0.056521777 0.909855425 -0.115017027 0.394638360
1520616325760446208.000000 9.936628342 -0.336455315 -0.496676624 0.028664235 0.769207835 -0.101941243 0.630163133
1520616326060398080.000000 9.932774544 -0.336988032 -0.453070104 0.029618081 0.562229335 -0.098979406 0.820502341
1520616326410402304.000000 9.996744156 -0.328853101 -0.356822908 0.008087113 0.287027359 -0.059775531 0.956021309
1520616326660853504.000000 10.047360420 -0.314494133 -0.291820556 0.023169996 0.144857720 -0.033857182 0.988601565
1520616327010864640.000000 10.081685066 -0.306919962 -0.182688862 0.007218334 0.004347725 -0.004827179 0.999952853
1520616327160830976.000000 10.082473755 -0.309309304 -0.135930210 0.013381075 -0.042780388 0.000940758 0.998994470
1520616327410837760.000000 10.098423958 -0.306612134 -0.058689822 0.031053608 -0.188685954 0.029420365 0.981105387
1520616327560593152.000000 10.108863831 -0.308738858 -0.014174601 -0.001655075 -0.268749624 0.032347549 0.962665319
1520616327760599040.000000 10.115365982 -0.314318538 0.040579557 -0.012457482 -0.347003371 0.031651441 0.937246859
1520616327960579840.000000 10.126853943 -0.308434933 0.092051916 0.004795312 -0.432773709 0.036175679 0.900763690
1520616328260589056.000000 10.143965721 -0.307549417 0.139353395 0.006964119 -0.547238231 0.020875514 0.836687505
1520616328560931072.000000 10.164429665 -0.306344271 0.158290610 -0.006143454 -0.608855486 0.009794498 0.793196917
1520616328911390208.000000 10.171627998 -0.309912592 0.177344128 -0.005176726 -0.735945821 0.028666722 0.676413476
1520616329211408128.000000 10.159217834 -0.305936813 0.231955498 -0.015896287 -0.858776391 0.044694077 0.510149896
1520616329811095040.000000 10.067626953 -0.280352861 0.380548328 0.055450547 0.986007035 -0.066243775 -0.142573267
1520616330260719360.000000 9.942394257 -0.249081835 0.508175075 0.035135999 0.967687547 -0.034246847 0.247332677
1520616330760798976.000000 9.759462357 -0.205618292 0.642491698 0.033612784 0.760821223 -0.029068390 0.647438228
1520616331160728576.000000 9.592136383 -0.191363126 0.727094233 0.030842859 0.603312671 -0.000482568 0.796907961
1520616331460738560.000000 9.462183952 -0.173163548 0.774253368 0.047010712 0.503084660 -0.007499045 0.862924993
1520616331761159680.000000 9.351034164 -0.173804492 0.842397511 0.045723695 0.386437148 -0.010960052 0.921116471
1520616331962154240.000000 9.279207230 -0.160009637 0.904001117 0.035400264 0.331002682 -0.034064624 0.942350090
1520616332212161280.000000 9.198369980 -0.160041183 0.987711549 0.032266956 0.287916213 -0.030858662 0.956614256
1520616332362478848.000000 9.154100418 -0.155800894 1.042025447 0.015239263 0.245741799 -0.032942381 0.968655527
1520616332562484992.000000 9.101073265 -0.139322519 1.120708585 0.009597047 0.181803942 -0.032767307 0.982741833
1520616332811883008.000000 9.059507370 -0.143355221 1.218878627 0.030305341 0.091133498 -0.020539280 0.995165527
1520616333011888896.000000 9.042067528 -0.127922654 1.309628844 0.016035963 0.025539242 -0.034924019 0.998934865
1520616333211449344.000000 9.042853355 -0.120597012 1.402158260 -0.002954752 -0.046584535 -0.039648362 0.998122811
1520616333361453312.000000 9.051951408 -0.124110974 1.465106130 -0.005096304 -0.113716558 -0.052515250 0.992111266
1520616333611200000.000000 9.104323387 -0.111409813 1.558871388 -0.022974968 -0.284672827 -0.024131192 0.958045542
1520616333911209984.000000 9.193608284 -0.121639736 1.613888144 -0.027403228 -0.523265302 -0.005555352 0.851710975
1520616334261258240.000000 9.312070847 -0.108269244 1.652311206 -0.011773444 -0.653347194 0.025940709 0.756522238
1520616334562480128.000000 9.420720100 -0.118738674 1.698639154 -0.026996169 -0.687422395 0.033107404 0.725000381
1520616334964201472.000000 9.597794533 -0.122923315 1.740578890 -0.022117617 -0.770063698 0.040956933 0.636266589
1520616335266676992.000000 9.755559921 -0.114392810 1.763132453 -0.011431885 -0.759699941 0.044086918 0.648676872
1520616335616688128.000000 9.952437401 -0.121471897 1.791584492 0.025783218 -0.714736998 0.012192233 0.698811531
1520616335919174912.000000 10.134904861 -0.111713096 1.793604970 0.033380304 -0.695706367 0.025062604 0.717112482
1520616336269186048.000000 10.338573456 -0.125565350 1.772708654 0.032418765 -0.735133648 0.005839758 0.677121460
1520616336669198848.000000 10.576178551 -0.150702268 1.764053106 0.026796235 -0.701814890 0.026684899 0.711354852
1520616337119213056.000000 10.848912239 -0.150075927 1.784712315 0.030832445 -0.697645068 0.017273694 0.715571344
1520616337469223936.000000 11.067490578 -0.158063456 1.782970309 -0.001889459 -0.705274820 0.006150695 0.708904803
1520616337819235072.000000 11.263937950 -0.172574237 1.816317677 0.017889269 -0.642649412 0.022959163 0.765607357
1520616338217914112.000000 11.478810310 -0.179118633 1.904225469 0.031845417 -0.588064075 0.057352956 0.806149602
1520616338567247360.000000 11.623141289 -0.181902856 2.032768726 0.004491579 -0.441877902 0.101598546 0.891292036
1520616338817255424.000000 11.696245193 -0.181140617 2.145870924 0.019665835 -0.307401747 0.113623329 0.944567204
1520616339216616704.000000 11.770051003 -0.155092925 2.349493742 0.008499761 -0.154261544 0.126207456 0.979899406
1520616339363282432.000000 11.784895897 -0.161723927 2.425523520 -0.012804113 -0.129962206 0.119807959 0.984170675
1520616339711729664.000000 11.812375069 -0.157433867 2.615906954 -0.039708979 -0.058858711 0.093407117 0.993093133
1520616339861734656.000000 11.818903923 -0.170133665 2.700968742 -0.055371646 -0.027264118 0.100490570 0.993021786
1520616340061740800.000000 11.820026398 -0.187552810 2.814127445 -0.080440909 0.007497487 0.132397592 0.987898767
1520616340210934272.000000 11.819185257 -0.201879099 2.905337572 -0.104869515 0.035628423 0.159516841 0.980962455
1520616340410941184.000000 11.812991142 -0.236955792 3.029823542 -0.127431273 0.059946053 0.174521670 0.974530637
1520616340610543104.000000 11.806479454 -0.262041271 3.148831606 -0.119367167 0.086137347 0.195280060 0.969637811
1520616340810548992.000000 11.792742729 -0.258290648 3.267225981 -0.124270037 0.138425827 0.221891090 0.957162261
1520616341010729472.000000 11.769747734 -0.235620022 3.385251760 -0.082441777 0.194992244 0.267835557 0.939917803
1520616341260737536.000000 11.713149071 -0.177144364 3.518132210 -0.024970314 0.275136322 0.281751633 0.918853939
1520616341511348480.000000 11.642282486 -0.107389636 3.632741928 0.043637168 0.357936233 0.263579577 0.894708455
1520616341811365376.000000 11.549972534 -0.012280555 3.739416838 0.105414689 0.466259927 0.258598685 0.839414179
1520616342011372288.000000 11.472262383 0.047686741 3.792320728 0.117981225 0.552362084 0.246749058 0.787458897
1520616342312985856.000000 11.344677925 0.116370499 3.819246531 0.107066087 0.683767915 0.223399475 0.686360717
1520616342613211904.000000 11.206546783 0.135079294 3.786741734 0.100247562 0.796995223 0.140639007 0.578765690
1520616342913220864.000000 11.101287842 0.108032286 3.710986376 0.115034848 0.886502028 0.099379696 0.437040925
1520616343263416064.000000 11.053024292 0.050284725 3.600581169 0.138625517 0.960301280 0.016929153 0.241490915
1520616343614076416.000000 11.065695763 -0.023975767 3.483905077 0.268424243 0.953515708 -0.034961268 0.132415950
1520616343962564864.000000 11.076006889 -0.090933859 3.359518528 0.429498762 0.900477886 0.019821843 0.065402381
1520616344314128128.000000 11.070635796 -0.110860616 3.220186234 0.235551402 0.968443036 -0.065739863 -0.048082460
1520616344564134912.000000 11.086979866 -0.121718116 3.121709347 0.042108849 0.983514071 -0.081943713 -0.155602530
1520616344914748672.000000 11.159841537 -0.155183375 2.988902092 -0.156036034 0.911635876 -0.198182404 -0.324494243
1520616345314252288.000000 11.291464806 -0.150619075 2.889622450 0.210402638 -0.803679705 0.209148377 0.515835822
1520616346263340288.000000 11.663035393 -0.146694034 2.929722071 0.099564195 -0.478311211 0.270091742 0.829672098
1520616346563349248.000000 11.760394096 -0.155250192 2.989087343 0.060356285 -0.410641909 0.309940010 0.855375648
1520616346912812544.000000 11.857559204 -0.129799306 3.055864096 0.072647355 -0.318698376 0.284828395 0.901125133
1520616347312825856.000000 11.905994415 -0.145128608 3.208417892 -0.012883694 -0.148086160 0.350915074 0.924534023
1520616347662624512.000000 11.882848740 -0.186256051 3.353710413 -0.170022920 -0.002417888 0.388565391 0.905595541
1520616348011612928.000000 11.838450432 -0.220304668 3.493586063 -0.317829698 0.114151597 0.353254467 0.872447670
1520616348310728448.000000 11.796121597 -0.250284582 3.598525286 -0.410517901 0.169892699 0.272994310 0.853279352
1520616348710534144.000000 11.719842911 -0.287956029 3.726608515 -0.510834873 0.130613297 0.362547249 0.768470824
1520616349010544384.000000 11.631244659 -0.319228619 3.809238434 -0.586516201 0.115974821 0.436428726 0.672367811
1520616349260406272.000000 11.546479225 -0.326068372 3.861215830 -0.658232570 0.098670065 0.529277802 0.526174009
1520616349460412160.000000 11.473354340 -0.330626845 3.894520044 0.708163202 -0.078014947 -0.584153652 -0.388822705
1520616349710451968.000000 11.378315926 -0.323963881 3.920561552 0.741893530 -0.053523630 -0.629528999 -0.224549547
1520616349960927488.000000 11.276839256 -0.313175410 3.919090986 0.778650224 0.017971354 -0.621040523 -0.087689869
1520616350412926464.000000 11.103350639 -0.274741799 3.859287739 0.855283737 0.088082962 -0.510603428 0.003902802
1520616350762830336.000000 10.983696938 -0.223203778 3.782979012 0.899808586 0.134481117 -0.414420873 0.022685530
1520616351413462528.000000 10.907835007 -0.166909590 3.536779165 0.959019899 0.214693561 -0.180972919 0.037898649
1520616352065305344.000000 10.959628105 -0.142271757 3.322096109 0.959001601 0.276813418 0.060543176 -0.004974914
1520616352516412160.000000 11.050621986 -0.150698751 3.222593307 0.928380191 0.343719333 0.125945419 -0.064069845
1520616352967417344.000000 11.132769585 -0.162170291 3.145999193 0.912681937 0.343343645 0.196402252 -0.102727704
1520616353468090368.000000 11.230714798 -0.172283173 3.042359591 0.882950306 0.362241447 0.257950842 -0.150470093
1520616353968199680.000000 11.384541512 -0.178980768 2.940959454 0.801724017 0.499440253 0.246833801 -0.216497436
1520616354568700416.000000 11.548038483 -0.171563566 2.766717911 0.699452698 0.619716048 0.206173003 -0.290190607
1520616355019771904.000000 11.666247368 -0.159598410 2.631496191 0.648092330 0.665125787 0.195148900 -0.315437704
1520616355519788032.000000 11.766603470 -0.157435030 2.482174873 0.620040298 0.656321466 0.211126432 -0.374456674
1520616355969801984.000000 11.846846581 -0.161133304 2.328269958 0.603526115 0.678288937 0.205526963 -0.365293026
1520616356418862080.000000 11.931175232 -0.181621507 2.177938938 0.637739539 0.667903066 0.186657503 -0.335190654
1520616356915705600.000000 12.032478333 -0.190724358 2.038582087 0.599044979 0.658173859 0.279286176 -0.360487789
1520616357414969856.000000 12.169416428 -0.209327802 1.893789887 0.530312359 0.660889208 0.285809010 -0.447557211
1520616357764201472.000000 12.305783272 -0.218182191 1.812677383 0.479001999 0.688806832 0.237927288 -0.489380032
1520616358163382272.000000 12.464740753 -0.197501585 1.782170057 -0.197586045 -0.683142424 -0.169934019 0.682201326
1520616358662364672.000000 12.604826927 -0.179176077 1.846105695 -0.024146711 -0.422228366 0.000096774 0.906167805
1520616359111958272.000000 12.659175873 -0.165600076 1.979816556 0.032152683 -0.127387762 0.012959784 0.991246998
1520616359611780352.000000 12.666696548 -0.160579562 2.154556513 -0.007042768 0.100971088 -0.012470166 0.994786263
1520616359911573504.000000 12.652759552 -0.148244485 2.283962250 -0.035044327 0.108353689 0.005005196 0.993481934
1520616360061578496.000000 12.646703720 -0.145276070 2.354532957 -0.032287154 0.090121694 -0.003739432 0.995400250
1520616360261342464.000000 12.640251160 -0.142297283 2.446036816 0.005387401 0.071025752 0.003922394 0.997452199
1520616360411347456.000000 12.632356644 -0.132453561 2.524709225 0.002650527 0.054043408 0.004100968 0.998526633
1520616360711366656.000000 12.600808144 -0.145715773 2.690019608 -0.019051261 0.077516809 -0.016769761 0.996667922
1520616360911372544.000000 12.580989838 -0.148569688 2.805633068 -0.044343416 0.070577472 -0.010145798 0.996468544
1520616361061790464.000000 12.565601349 -0.136927500 2.896185398 -0.059837345 0.052626677 -0.009033000 0.996778965
1520616361311777536.000000 12.552028656 -0.137077451 3.035874128 -0.047709741 0.022030853 -0.015200947 0.998502553
1520616361561838848.000000 12.546147346 -0.115265377 3.167820930 -0.039950754 -0.005794361 -0.000271576 0.999184787
1520616361861501184.000000 12.528362274 -0.117256798 3.330189705 -0.054064058 -0.006995945 0.003654354 0.998506308
1520616362161511168.000000 12.513798714 -0.099770352 3.493806362 -0.054085519 -0.037406944 0.021287512 0.997608304
1520616362361317376.000000 12.506861687 -0.093718678 3.601920366 -0.047316290 -0.067803569 0.024704553 0.996269822
1520616362561323520.000000 12.510463715 -0.090293132 3.703233242 -0.042674348 -0.112960793 0.030917875 0.992201030
1520616362811200768.000000 12.523956299 -0.073809162 3.827426434 -0.033233151 -0.193449616 0.020437533 0.980334163
1520616363111408128.000000 12.555283546 -0.068547919 3.952297211 -0.019510975 -0.312616795 0.030036826 0.949203789
1520616363461944576.000000 12.623981476 -0.074002109 4.022244930 -0.024733877 -0.499199331 0.038399529 0.865282476
1520616363811955712.000000 12.681718826 -0.143238470 3.970820665 -0.064904898 -0.642339885 0.060473196 0.761268556
1520616364011831040.000000 12.689796448 -0.182868421 3.907516479 -0.058435742 -0.676285386 0.068503819 0.731115997
1520616364311755008.000000 12.697297096 -0.221297771 3.824712276 0.070809618 -0.684054255 -0.004569080 0.725971699
1520616364662487296.000000 12.731403351 -0.231136143 3.739275694 0.088449419 -0.667974830 -0.033209346 0.738162279
1520616364962496256.000000 12.748214722 -0.234631166 3.657125473 0.126146540 -0.637898445 -0.057734851 0.757521808
1520616365212582144.000000 12.748958588 -0.250752866 3.576867819 0.055966407 -0.608221769 0.012197702 0.791697741
1520616365412588288.000000 12.727416039 -0.231883660 3.499022722 0.182539105 -0.569167078 -0.079020903 0.797799528
1520616365562435840.000000 12.730345726 -0.242777720 3.450180531 0.124264166 -0.556117594 -0.039571159 0.820807993
1520616365712440832.000000 12.737488747 -0.256090999 3.397325277 0.056479201 -0.553035498 0.017504063 0.831056833
1520616365912317952.000000 12.736447334 -0.236235589 3.316199064 0.153278649 -0.539339781 -0.040189065 0.827044785
1520616366012321024.000000 12.738627434 -0.228995547 3.277239561 0.173327520 -0.531403363 -0.060911361 0.826956987
1520616366162324992.000000 12.747728348 -0.232073724 3.225075960 0.127272949 -0.508493483 -0.038702045 0.850727975
1520616366312373760.000000 12.757131577 -0.229841679 3.163825512 0.061711084 -0.490733445 0.008089460 0.869084001
1520616366412376832.000000 12.761575699 -0.218983233 3.119487524 0.059683230 -0.480378985 0.014830971 0.874902248
1520616366612383744.000000 12.781579971 -0.195719600 3.042683363 0.105103955 -0.471509665 -0.008680825 0.875532091
1520616366912251648.000000 12.864660263 -0.170692131 2.959578991 0.084705859 -0.467879176 0.007883229 0.879688501
1520616367062256640.000000 12.921200752 -0.175226510 2.931416512 0.062476475 -0.473272145 0.038791064 0.877841353
1520616367262461952.000000 12.993133545 -0.185589239 2.900742292 0.054758701 -0.473450214 0.059778698 0.877082050
1520616367412465920.000000 13.050088882 -0.185431510 2.884831905 0.041075453 -0.451865643 0.063782804 0.888854325
1520616367562726400.000000 13.105631828 -0.180318564 2.877131701 0.042646822 -0.406515568 0.062011410 0.910538793
1520616367762711296.000000 13.167719841 -0.184543520 2.880434036 0.046551351 -0.334544033 0.065705992 0.938933432
1520616367962539264.000000 13.213204384 -0.183064744 2.898081541 0.058051500 -0.243584052 0.062561259 0.966117442
1520616368162545408.000000 13.250985146 -0.170053422 2.926372766 0.052329384 -0.153333232 0.058234476 0.985068202
1520616368462202112.000000 13.264917374 -0.172235221 2.950042725 0.008726523 0.029623589 0.046981074 0.998418272
1520616368912028928.000000 13.219936371 -0.164631382 2.874951363 0.021012574 0.383058131 0.016018612 0.923346281
1520616369161962496.000000 13.167105675 -0.149701074 2.804299116 0.066266686 0.499852747 0.015652627 0.863429785
1520616369511973632.000000 13.073304176 -0.152030751 2.741994619 0.063410886 0.580273986 -0.017924543 0.811751127
1520616369812099840.000000 12.966197014 -0.149030939 2.703028202 0.031501453 0.662444353 -0.031044463 0.747804403
1520616370112172800.000000 12.870300293 -0.155095533 2.628937006 -0.036315046 0.790059388 -0.004548249 0.611936808
1520616370262177792.000000 12.829597473 -0.151542604 2.576622725 -0.052306447 0.846339285 -0.024440577 0.529505968
1520616370562850560.000000 12.771017075 -0.163182318 2.455029964 -0.052486420 0.933153450 -0.068982735 0.348871261
1520616370914284288.000000 12.732818604 -0.165175825 2.317687988 -0.032903541 0.989066541 -0.061199386 0.130074665
1520616371463506688.000000 12.748857498 -0.180838868 2.142027855 -0.045135487 0.973614454 -0.074319534 -0.210984126
1520616371812748288.000000 12.797633171 -0.190749928 2.039047718 -0.061499409 0.925147951 -0.076917499 -0.366609842
1520616372112505600.000000 12.866007805 -0.194412127 1.966920972 0.024783343 -0.845317841 0.079177111 0.527782619
1520616372412515584.000000 12.939256668 -0.206352249 1.912407756 0.013731270 -0.773528218 0.064030372 0.630369484
1520616372662662912.000000 13.024972916 -0.210813612 1.861062527 0.006224192 -0.735522032 0.067625344 0.674088597
1520616372963137024.000000 13.148443222 -0.231741652 1.797670484 0.013674568 -0.726512253 0.071565308 0.683279872
1520616373264216576.000000 13.299961090 -0.239701331 1.747710347 -0.017232027 -0.694667757 0.068192944 0.715883732
1520616373564226560.000000 13.456075668 -0.253531128 1.731616735 0.003939497 -0.653961897 0.072434641 0.753041506
1520616374215340544.000000 13.824592590 -0.260595858 1.706730485 0.038533114 -0.671431184 0.044191472 0.738743842
1520616374614615552.000000 14.049642563 -0.269617915 1.726432323 0.041060753 -0.618749022 0.029409876 0.783963501
1520616375013727232.000000 14.283681870 -0.273686677 1.731027961 0.045672815 -0.678383350 0.021468313 0.732972860
1520616375313057536.000000 14.462396622 -0.278811753 1.712993026 0.015263048 -0.701703072 0.020926436 0.711998582
1520616375613066496.000000 14.633910179 -0.292708099 1.706923127 0.052962936 -0.652881205 0.046916354 0.754148424
1520616375913048576.000000 14.807436943 -0.287303150 1.731070995 0.057554308 -0.593696535 0.088809200 0.797699749
1520616376163765504.000000 14.941781044 -0.301995009 1.776632786 0.076820403 -0.529205441 0.122610636 0.836066306
1520616376413773312.000000 15.066889763 -0.283512414 1.835607886 0.074660502 -0.426880628 0.126783952 0.892258108
1520616376614012160.000000 15.153794289 -0.283801705 1.894369960 0.077397995 -0.334095329 0.122129276 0.931383014
1520616376914022144.000000 15.255401611 -0.270739675 2.002167225 0.078008905 -0.210283026 0.136261389 0.964950025
1520616377162783232.000000 15.317332268 -0.270651579 2.105821609 0.068305261 -0.131984919 0.142410114 0.978587627
1520616377512224512.000000 15.337353706 -0.254123032 2.265720129 0.043297496 0.045236044 0.129120082 0.989649951
1520616377712230400.000000 15.319929123 -0.251669377 2.347295284 0.033240072 0.161650464 0.122968890 0.978592277
1520616377961896192.000000 15.277392387 -0.239386454 2.447479486 0.019081587 0.278066635 0.141000196 0.949965179
1520616378161858816.000000 15.224386215 -0.223458260 2.530028105 0.012388170 0.339306504 0.140459359 0.930047750
1520616378361864960.000000 15.152306557 -0.231594816 2.593422413 -0.008875052 0.416347235 0.097884052 0.903877676
1520616378561892352.000000 15.068208694 -0.228166834 2.642081261 -0.017914744 0.480873734 0.048379555 0.875270784
1520616378761897472.000000 14.978758812 -0.225676969 2.678272724 -0.003039552 0.542268693 -0.005314641 0.840182781
1520616379011783424.000000 14.865111351 -0.222383350 2.686964750 0.012965057 0.605652452 0.018641105 0.795405269
1520616379261791488.000000 14.738350868 -0.220386416 2.696327925 -0.015940623 0.585321426 0.000613167 0.810644388
1520616379461858560.000000 14.641217232 -0.239819705 2.716213465 -0.013191922 0.537088931 -0.013214281 0.843318939
1520616379711866624.000000 14.529718399 -0.250541180 2.763361931 -0.023981852 0.427450001 -0.030472126 0.903206944
1520616380011973376.000000 14.431435585 -0.268547207 2.847486496 -0.041977715 0.241307825 -0.053318523 0.968073130
1520616380262286592.000000 14.417220116 -0.257670343 2.935629129 -0.015438881 -0.006501892 -0.029430466 0.999426425
1520616380562296576.000000 14.489629745 -0.258428216 3.002066851 -0.030617608 -0.331392586 0.009050383 0.942952573
1520616380912326912.000000 14.634508133 -0.260613441 2.982769489 -0.025916494 -0.608649790 0.039339203 0.792039275
1520616381262130432.000000 14.784089088 -0.249364331 2.916598558 -0.020012414 -0.754330754 0.061322261 0.653317809
1520616381562010624.000000 14.927981377 -0.247829974 2.851804256 -0.007210336 -0.827549458 0.087258004 0.554523170
1520616381762017792.000000 15.017754555 -0.262642682 2.787640810 0.021467967 0.865769088 -0.093073405 -0.491243660
1520616381962071040.000000 15.098984718 -0.262200654 2.701359749 0.040034831 0.899941087 -0.086353198 -0.425495386
1520616382112078848.000000 15.149602890 -0.256237894 2.628761292 0.055214163 0.919337630 -0.061711125 -0.384657621
1520616382313064704.000000 15.199391365 -0.261509448 2.526185989 0.030597970 0.947878897 -0.071461834 -0.309002548
1520616382413067776.000000 15.220038414 -0.263908684 2.473213911 0.023652380 0.961055338 -0.074409015 -0.265097082
1520616382613073920.000000 15.265041351 -0.255436331 2.362972021 0.010560913 0.976585746 -0.076303795 -0.200864345
1520616382965031936.000000 15.319260597 -0.275287330 2.182905436 -0.029245785 0.985132337 -0.091929927 -0.142154500
1520616383364555520.000000 15.415625572 -0.280172199 2.006311417 -0.076469727 0.951799095 -0.104627989 -0.277999818
1520616383665596160.000000 15.536064148 -0.291176647 1.909915209 -0.084377661 0.893486559 -0.116403051 -0.425455600
1520616383967321856.000000 15.679990768 -0.299086928 1.854967713 0.096052997 -0.802843392 0.141409963 0.571156323
1520616384368211200.000000 15.876091957 -0.293187052 1.852375507 0.086023569 -0.637011230 0.125789136 0.755641282
1520616384715216640.000000 16.015693665 -0.306269884 1.905374169 0.094275810 -0.432716846 0.116284400 0.889014125
1520616385065228544.000000 16.132352829 -0.296598405 2.005410910 0.088156171 -0.277857244 0.125019625 0.948363841
1520616385512498688.000000 16.206176758 -0.284579903 2.171633959 0.036376949 -0.076681562 0.079183377 0.993240476
1520616385612501760.000000 16.212589264 -0.286754251 2.208176136 0.042481534 -0.022802394 0.059414238 0.997068346
1520616385912251392.000000 16.219013214 -0.282645553 2.330180883 0.072882637 0.016038116 0.043735411 0.996252060
1520616386012254464.000000 16.219116211 -0.277352452 2.380174637 0.068834782 -0.006997549 0.041073203 0.996757627
1520616386162258432.000000 16.220836639 -0.285481691 2.457820177 0.047025021 -0.040422995 0.023350408 0.997802258
1520616386362227968.000000 16.236816406 -0.292626977 2.549051523 0.055350535 -0.078371249 0.003941623 0.995378673
1520616386562233856.000000 16.269447327 -0.282150835 2.635086536 0.077940561 -0.086005546 -0.025475657 0.992914557
1520616386762704896.000000 16.327552795 -0.281869829 2.714973211 0.085477881 -0.086146601 -0.024866134 0.992297292
1520616387062714880.000000 16.448638916 -0.287140220 2.819517612 0.064652756 -0.106279172 -0.036082022 0.991575956
1520616387362792192.000000 16.610853195 -0.307767212 2.915501833 0.051442508 -0.162109911 -0.013409419 0.985339642
1520616387612526848.000000 16.768115997 -0.322152406 2.964812279 0.035760310 -0.274565101 0.002441708 0.960900247
1520616387912535808.000000 16.918169022 -0.321943462 2.996994734 0.077647813 -0.230713472 0.018787198 0.969736636
1520616388112491008.000000 17.005754471 -0.318126112 3.023108006 0.085130684 -0.174475014 0.039026394 0.980198026
1520616388462459392.000000 17.134450912 -0.303509057 3.098419905 0.089892313 -0.071033604 0.069304027 0.990994751
1520616388712488448.000000 17.188810349 -0.294124484 3.160715580 0.072490446 0.042294029 0.065904774 0.994290173
1520616389212351488.000000 17.173656464 -0.280107468 3.241595268 0.040840503 0.449158728 0.063348189 0.890267074
1520616389462359552.000000 17.143480301 -0.269278735 3.256663322 0.019793211 0.622190654 0.050055400 0.781013131
1520616389812565504.000000 17.144147873 -0.273161560 3.221830606 0.000123010 0.858368278 -0.002491030 0.513027966
1520616390112510720.000000 17.210985184 -0.279701263 3.167246342 0.024332466 0.971572340 -0.025391119 0.234116212
1520616390262515712.000000 17.249103546 -0.283811063 3.129714727 0.034266330 0.990293384 -0.029742347 0.131378233
1520616390562218496.000000 17.301408768 -0.294676334 3.040145159 0.089759290 0.993637025 -0.048381887 0.047832329
1520616390712223488.000000 17.305809021 -0.302607983 2.989448786 0.123815887 0.988016844 -0.069501407 0.060513999
1520616390912333312.000000 17.285346985 -0.308606237 2.920669079 0.166130215 0.977393091 -0.089149751 0.095685847
1520616391062338304.000000 17.250278473 -0.313077092 2.872640848 0.200739741 0.961131990 -0.103042498 0.159094542
1520616391262629888.000000 17.179018021 -0.316642970 2.823744059 0.212306261 0.930430472 -0.112044796 0.276895493
1520616391412634880.000000 17.108835220 -0.303038269 2.794851303 0.213690370 0.895614028 -0.104309484 0.375940740
1520616391612640768.000000 17.004291534 -0.288023293 2.769902945 0.200034082 0.829542756 -0.113109373 0.508970916
1520616392012884480.000000 16.807607651 -0.268072039 2.797935486 0.114098325 0.731832802 -0.076446302 0.667501569
1520616392362690304.000000 16.645591736 -0.269851655 2.799814701 0.034921531 0.759818435 0.015947539 0.649000883
1520616392712708096.000000 16.493947983 -0.265297979 2.720613956 -0.024127133 0.842883527 0.044734675 0.535690248
1520616392913209856.000000 16.422847748 -0.274761409 2.643703938 -0.029603941 0.887534559 0.041109987 0.457947522
1520616393213219840.000000 16.335531235 -0.267254949 2.512107849 -0.017356232 0.951815188 0.027085762 0.304980218
1520616393364848384.000000 16.297046661 -0.274532437 2.440596819 -0.007491491 0.971144199 0.016275218 0.237819150
1520616393614914304.000000 16.268918991 -0.289287508 2.327915907 -0.005127007 0.993675649 0.018809473 0.110583335
1520616394066979584.000000 16.194435120 -0.304096639 2.096941233 0.099146567 0.979781151 0.014879221 0.173139945
1520616394567003904.000000 16.023195267 -0.298981488 1.895159602 0.177681312 0.901857853 0.039680090 0.391800046
1520616395015990528.000000 15.814195633 -0.299956292 1.771431565 0.099948354 0.858173490 0.007098669 0.503486037
1520616395364798720.000000 15.657983780 -0.307436347 1.691307664 0.041163247 0.864018798 0.025792157 0.501110613
1520616395664807680.000000 15.541095734 -0.314010978 1.600256801 0.000422028 0.918704689 0.025671633 0.394109756
1520616395963832832.000000 15.455132484 -0.321003646 1.490007877 -0.009281726 0.958924890 0.006224137 0.283439815
1520616396213167872.000000 15.392723083 -0.337553442 1.389441013 -0.008076509 0.970667124 -0.021763109 0.239304021
1520616396513176832.000000 15.342855453 -0.350488037 1.270610213 0.028128568 0.987339020 -0.016490230 0.155237034
1520616396812848384.000000 15.315224648 -0.363378912 1.146305323 0.036291104 0.997996926 -0.032388736 0.040447701
1520616397112602624.000000 15.311041832 -0.378130943 1.021753430 0.003868132 0.997338712 -0.059578095 -0.041844625
1520616397362484992.000000 15.300149918 -0.389643610 0.907234490 0.004543205 0.998031437 -0.058444735 -0.022289472
1520616397712496896.000000 15.264969826 -0.411409140 0.743553162 0.021000324 0.994097054 -0.101010755 0.033568773
1520616398013189120.000000 15.262912750 -0.436718434 0.608766437 0.014165006 0.989317417 -0.132153884 -0.059881162
1520616398263212544.000000 15.270121574 -0.444817781 0.494296640 0.000513181 0.983614802 -0.135011524 -0.119471788
1520616398563221504.000000 15.279229164 -0.462671578 0.361340106 0.004943571 0.971595585 -0.145545200 -0.186531991
1520616398862920960.000000 15.327084541 -0.480092287 0.289708287 0.021594908 0.888997972 -0.195377722 -0.413574427
1520616399162681600.000000 15.357804298 -0.472047716 0.299656063 -0.007827180 -0.707388818 0.168945223 0.686292410
1520616399462670848.000000 15.352101326 -0.441807836 0.371529132 0.020929197 -0.478374958 0.123810761 0.869131923
1520616399762679808.000000 15.315861702 -0.423229367 0.470398903 0.013623728 -0.240698338 0.063202128 0.968444228
1520616400112567040.000000 15.309432983 -0.412325174 0.588443577 -0.023999581 -0.104146428 -0.007943996 0.994240642
1520616400512881920.000000 15.358826637 -0.417882264 0.730216324 -0.055527072 -0.213926047 -0.023691503 0.974982619
1520616401013469440.000000 15.512032509 -0.424600214 0.863261700 -0.045988217 -0.502489984 -0.032807294 0.862735510
1520616401413241088.000000 15.699279785 -0.431649059 0.898004234 -0.068477362 -0.668790519 -0.000166478 0.740290582
1520616401812939008.000000 15.887638092 -0.441157132 0.882293105 -0.092886716 -0.800914824 0.032761768 0.590621889
1520616402212669184.000000 16.042348862 -0.454654962 0.781598270 0.082522459 0.919104517 -0.060019113 -0.380571514
1520616402612772352.000000 16.166330338 -0.474008918 0.650296807 0.084693290 0.964940906 -0.087951094 -0.232337415
1520616403063099136.000000 16.264158249 -0.501953781 0.466326147 0.033148937 0.990756392 -0.122222215 -0.048626974
1520616403512767232.000000 16.321863174 -0.524244964 0.255576372 0.054622177 0.991796672 -0.114237361 0.017480196
1520616403862778112.000000 16.350368500 -0.539934695 0.077880114 0.041058637 0.987120211 -0.137885973 0.069966443
1520616404212578560.000000 16.339178085 -0.565736055 -0.092867710 0.035653234 0.972905397 -0.139933825 0.180561647
1520616404312420096.000000 16.321172714 -0.572065115 -0.135837719 0.022017818 0.960822999 -0.150362402 0.231787547
1520616404612430080.000000 16.244607925 -0.583557367 -0.240817323 0.005630396 0.900885105 -0.184360698 0.392919123
1520616404962446848.000000 16.138494492 -0.590430737 -0.257401407 -0.033192590 0.700905681 -0.148697093 0.696791708
1520616405312664320.000000 16.118968964 -0.560472488 -0.151001513 -0.050727151 0.362276763 -0.078978598 0.927332044
1520616405712842240.000000 16.214797974 -0.527215660 0.012102026 -0.059249546 0.021565329 -0.003166552 0.998005211
1520616406062622208.000000 16.280189514 -0.494340897 0.158434376 -0.052301738 -0.078541011 0.078482404 0.992439628
1520616406412512512.000000 16.281795502 -0.490384817 0.332929641 -0.033219241 -0.021403968 0.116706043 0.992380023
1520616406762460928.000000 16.226659775 -0.474577725 0.513299346 -0.088716634 0.131500438 0.124362081 0.979474902
1520616407162473984.000000 16.066679001 -0.443677425 0.667482316 -0.085319266 0.376172036 0.102521278 0.916899443
1520616407512697600.000000 15.895175934 -0.427858859 0.771888077 -0.041745443 0.488965780 0.044821899 0.870149851
1520616407812966144.000000 15.739960670 -0.389812768 0.849096537 0.030984983 0.521828830 0.007674932 0.852452755
1520616408163353600.000000 15.564240456 -0.397129476 0.959448218 0.054094758 0.436258346 -0.059888195 0.896195173
1520616408664352512.000000 15.385731697 -0.388226777 1.194586515 0.038613703 0.169695780 -0.122061595 0.977145493
1520616409364742912.000000 15.425769806 -0.331683874 1.558918834 -0.022758244 -0.285932690 -0.125322685 0.949746668
1520616409917522944.000000 15.689811707 -0.309665263 1.713176370 -0.029557725 -0.582458317 -0.024855722 0.811942637
1520616410767452672.000000 16.156396866 -0.337752342 1.801548123 0.001044548 -0.701811850 0.036823586 0.711409211
1520616411370218752.000000 16.524724960 -0.350001067 1.835303307 0.010924260 -0.676516116 0.018715911 0.736108899
1520616411820609536.000000 16.815582275 -0.363583922 1.845082641 -0.004028677 -0.706705689 0.040505655 0.706335723
1520616412219341824.000000 17.069280624 -0.360578775 1.850073099 -0.001287178 -0.680520654 0.034351408 0.731922090
1520616412717673984.000000 17.381534576 -0.366629928 1.872990608 0.004886034 -0.671955526 0.043866120 0.739275098
1520616413166018048.000000 17.664817810 -0.376041502 1.881698489 -0.010850674 -0.685240626 0.032644644 0.727503836
1520616413514750208.000000 17.877145767 -0.394998163 1.891226649 -0.006783677 -0.671465635 0.031975549 0.740314424
1520616413764111104.000000 18.039342880 -0.387110621 1.895868301 -0.000821173 -0.691028655 0.040752400 0.721677184
1520616414014119168.000000 18.189767838 -0.402736217 1.886760592 0.002924126 -0.730354965 0.015230737 0.682891726
1520616414264426240.000000 18.348899841 -0.398361385 1.867459536 0.001899166 -0.734444857 0.032095164 0.677906394
1520616414464432128.000000 18.470609665 -0.419318408 1.857373238 -0.006607625 -0.730144739 0.028346863 0.682672262
1520616414765933824.000000 18.659864426 -0.415708125 1.840508699 -0.001064425 -0.725738347 0.060150731 0.685335398
1520616415016741120.000000 18.807407379 -0.428989738 1.827449679 0.014923654 -0.749947071 0.039493244 0.660149217
1520616415316750080.000000 18.993249893 -0.429985195 1.808085203 -0.000294483 -0.746176839 0.054338474 0.663526475
1520616415566387200.000000 19.131301880 -0.445993483 1.802703619 0.008034959 -0.720390677 0.043191414 0.692175746
1520616415815677440.000000 19.274408340 -0.439959973 1.798266172 0.026750380 -0.686856091 0.079029575 0.721988559
1520616416065684224.000000 19.405761719 -0.454476684 1.829237342 0.045667823 -0.610576808 0.096336544 0.784748197
1520616416314475520.000000 19.519554138 -0.454572409 1.885292053 0.056110196 -0.472404391 0.119804375 0.871396959
1520616416863708672.000000 19.660388947 -0.432068080 2.086416483 0.045464523 -0.118978530 0.125048205 0.983941078
1520616416963711744.000000 19.675470352 -0.431929618 2.134572029 0.027095787 -0.084574565 0.107999958 0.990176201
1520616417163311872.000000 19.696672440 -0.440013915 2.227505445 0.024402950 -0.036740940 0.081195779 0.995721757
1520616417363317760.000000 19.712036133 -0.433317810 2.326980829 0.005958101 0.026330739 0.054981217 0.998122394
1520616417563072512.000000 19.716815948 -0.430854976 2.431319714 0.007940501 0.077585861 0.028693516 0.996541023
1520616417763079424.000000 19.699964523 -0.436093062 2.533772707 0.007971724 0.139640078 0.019077808 0.989986420
1520616417962974976.000000 19.669246674 -0.418718457 2.638544559 -0.004575327 0.181374982 0.012452365 0.983324528
1520616418162980864.000000 19.635742188 -0.409603208 2.740154743 0.011965728 0.182187960 0.009774872 0.983142316
1520616418363383296.000000 19.604448318 -0.408139467 2.846434593 0.000319932 0.157637432 0.002559327 0.987493694
1520616418563389184.000000 19.567131042 -0.400436312 2.960209608 -0.042443860 0.139260620 -0.018662393 0.989169717
1520616418763605504.000000 19.530200958 -0.405090451 3.068304062 -0.045386612 0.140801117 -0.027021570 0.988627791
1520616418963611392.000000 19.500780106 -0.395147741 3.177649021 -0.042203490 0.102659285 -0.026118372 0.993477583
1520616419163385856.000000 19.485361099 -0.376701057 3.289622307 -0.053649954 0.047626097 -0.019131709 0.997239888
1520616419413393920.000000 19.471742630 -0.371498048 3.423990965 -0.022562772 -0.030206719 -0.016029732 0.999160409
1520616419663176704.000000 19.473997116 -0.357234418 3.569028854 -0.046280939 -0.066586047 -0.008959359 0.996666491
1520616419863033600.000000 19.481712341 -0.349225402 3.682191372 -0.031033922 -0.100029632 0.013164145 0.994413257
1520616420063039488.000000 19.491140366 -0.335032016 3.793829679 -0.036767684 -0.135978729 0.022725282 0.989768386
1520616420313234432.000000 19.514200211 -0.321828932 3.933608770 -0.032893404 -0.225135982 0.017300155 0.973618269
1520616420563242240.000000 19.560832977 -0.315228939 4.045558453 -0.034382697 -0.333904088 0.013629420 0.941881180
1520616420814032896.000000 19.633844376 -0.311907262 4.123505592 -0.068548232 -0.475326061 0.019050069 0.876928389
1520616421064039936.000000 19.712690353 -0.316821367 4.123169422 -0.052518673 -0.675049305 0.066444300 0.732895255
1520616421313788160.000000 19.748291016 -0.312165976 4.065532684 0.056122478 0.864874661 -0.075033791 -0.493165344
1520616421613209088.000000 19.714071274 -0.324484795 3.957852840 0.056403123 0.977636695 -0.073593594 -0.188756749
1520616421863217152.000000 19.660835266 -0.338603556 3.855929375 0.046864986 0.994749606 -0.090758920 -0.006304426
1520616422213547520.000000 19.610273361 -0.340543032 3.706702948 0.011617844 0.993001699 -0.087810494 0.078115284
1520616422513611008.000000 19.587425232 -0.353679270 3.562508106 -0.050375491 0.985984445 -0.103330866 0.120911919
1520616422713346048.000000 19.579689026 -0.355965167 3.468125582 -0.065515667 0.988625944 -0.096521810 0.094920963
1520616422913351936.000000 19.578161240 -0.350965768 3.367251635 -0.073108405 0.992305100 -0.092879169 0.036867354
1520616423063356928.000000 19.586334229 -0.358683854 3.293094635 -0.086804509 0.991236567 -0.097916692 -0.018093226
1520616423313220096.000000 19.612007141 -0.362227231 3.170093060 -0.082354173 0.990638137 -0.086432874 -0.066205956
1520616423613143808.000000 19.652467728 -0.367711246 3.017752409 -0.060196757 0.992704630 -0.073728107 -0.074013665
1520616423963490304.000000 19.695465088 -0.386411637 2.848527193 0.006748962 0.995071113 -0.080979615 -0.056835383
1520616424263499264.000000 19.726842880 -0.408170551 2.700653553 0.017589016 0.996550560 -0.072968446 -0.035400707
1520616424514407424.000000 19.747291565 -0.418466926 2.571266890 0.017427079 0.996062696 -0.086715974 0.005980715
1520616424764382208.000000 19.758939743 -0.439950049 2.450008392 0.021890270 0.994930804 -0.078338169 0.059131976
1520616425014389248.000000 19.759607315 -0.451565146 2.333981752 0.025009261 0.993688524 -0.071145512 0.083041750
1520616425264287744.000000 19.729673386 -0.451160133 2.211258173 0.044012152 0.985869884 -0.066333979 0.147388443
1520616425664630528.000000 19.629190445 -0.460768521 2.033613920 0.059088927 0.946111321 -0.078691848 0.308527797
1520616425964639488.000000 19.515773773 -0.469267786 1.945930839 0.064409956 0.874786139 -0.073711835 0.474517763
1520616426466617600.000000 19.300148010 -0.456648409 1.855232954 0.031579312 0.829845965 -0.051055696 0.554753721
1520616426766626560.000000 19.176818848 -0.448856384 1.786758423 0.003140872 0.858535647 -0.028093152 0.511974096
1520616427115627776.000000 19.053548813 -0.464472383 1.693919301 -0.022240680 0.905762553 -0.031470206 0.422029793
1520616427314509568.000000 18.998542786 -0.462606549 1.633176804 -0.023571745 0.941197693 -0.044003431 0.334148139
1520616427464514560.000000 18.962749481 -0.464582652 1.583894014 -0.018638663 0.963078976 -0.051195014 0.263648450
1520616427663891968.000000 18.931142807 -0.474019170 1.511886239 0.003907869 0.983198106 -0.047644988 0.176170975
1520616427863902976.000000 18.901439667 -0.476075679 1.424555182 0.000926940 0.991421521 -0.059922431 0.116153963
1520616428113518336.000000 18.862342834 -0.489694208 1.315559030 -0.006696724 0.994041622 -0.075032219 0.078781918
1520616428363526400.000000 18.842027664 -0.504761338 1.205445766 0.006780789 0.996129692 -0.086776048 0.012231393
1520616428513248512.000000 18.836303711 -0.507095397 1.127702951 0.012585006 0.994011283 -0.104443520 -0.029576965
1520616428763256320.000000 18.835618973 -0.523341119 1.005702972 0.009043382 0.992334068 -0.075127907 -0.097709455
1520616428963177728.000000 18.846624374 -0.520426929 0.902923703 -0.006466424 0.984501958 -0.080023050 -0.155917823
1520616429163183872.000000 18.866413116 -0.531776488 0.797489524 -0.012020598 0.981356025 -0.072887056 -0.177435338
1520616429313558016.000000 18.887668610 -0.547486663 0.722747028 -0.003691602 0.981567740 -0.070748679 -0.177498788
1520616429513615104.000000 18.923036575 -0.557079077 0.614960670 0.032284088 0.977205694 -0.097564138 -0.185763329
1520616429713711360.000000 18.958509445 -0.576196074 0.510634542 0.047725193 0.977843702 -0.090430759 -0.182664543
1520616429963719424.000000 19.000034332 -0.589552045 0.381587118 0.028285937 0.983069897 -0.069711745 -0.167073980
1520616430213573888.000000 19.038484573 -0.604012787 0.243922561 0.047149766 0.984523952 -0.103874616 -0.133039564
1520616430463581952.000000 19.047630310 -0.620217204 0.108540714 0.034675930 0.994783044 -0.085325867 -0.043860130
1520616430763435776.000000 19.037870407 -0.628002167 -0.061433785 0.059213903 0.988772810 -0.112573974 0.078416362
1520616431013286912.000000 18.991338730 -0.647751868 -0.169843823 0.059973441 0.962825537 -0.111062273 0.238820612
1520616431263294720.000000 18.918642044 -0.651681244 -0.232870936 0.055910170 0.872321665 -0.137197405 0.465946138
1520616431413323776.000000 18.874355316 -0.646624267 -0.235182524 0.060756478 0.781275690 -0.134362742 0.606517553
1520616431713547520.000000 18.824851990 -0.631304264 -0.147762910 0.054791808 0.523286045 -0.096256033 0.844928622
1520616432013556480.000000 18.836912155 -0.609058022 -0.008235994 0.012061559 0.301452577 -0.050842062 0.952048302
1520616432263522560.000000 18.851016998 -0.585098922 0.107043453 0.015776008 0.177940935 -0.011204000 0.983850896
1520616432563386624.000000 18.850881577 -0.573732436 0.249471575 -0.021165429 0.083714940 0.037429649 0.995561600
1520616432663389696.000000 18.847545624 -0.576809883 0.292441249 -0.033920512 0.072873577 0.042606302 0.995853186
1520616432913396736.000000 18.832635880 -0.569660664 0.392235458 -0.047946461 0.097541235 0.048934426 0.992870748
1520616433113262080.000000 18.809272766 -0.560806155 0.468321115 -0.050055701 0.155629575 0.049587928 0.985299408
1520616433313268224.000000 18.769567490 -0.559300184 0.530516267 -0.045488022 0.254188657 0.061909445 0.964098632
1520616433563270656.000000 18.698411942 -0.539726675 0.598617852 -0.054350186 0.392447591 0.049714435 0.916820288
1520616433713274624.000000 18.650197983 -0.535743415 0.638289928 -0.060350489 0.446659803 0.038216170 0.891847730
1520616434013430016.000000 18.546981812 -0.533589542 0.701006055 -0.046311930 0.552810311 0.023217471 0.831695199
1520616434263446272.000000 18.450536728 -0.528183222 0.733838439 -0.082339294 0.676238298 -0.005587348 0.732045650
1520616434663375360.000000 18.317909241 -0.556211531 0.707927465 -0.144961417 0.878345907 -0.077362627 0.448898345
1520616435063498496.000000 18.302728653 -0.577021360 0.622156501 -0.165283278 0.972906590 -0.140943170 -0.079178162
1520616435463661056.000000 18.415584564 -0.567627430 0.627915859 0.087180458 -0.725598454 0.201560348 0.652134836
1520616435813479168.000000 18.522001266 -0.547887444 0.703792810 0.042961020 -0.442605883 0.152389720 0.882627726
1520616436364070400.000000 18.645240784 -0.519455075 0.859077096 -0.001610000 -0.095984466 0.044064637 0.994405687
1520616436715156992.000000 18.712781906 -0.508837044 0.957963884 0.035459816 -0.063262001 0.025211902 0.997048080
1520616437115814912.000000 18.763164520 -0.500342309 1.089418769 0.025645228 -0.051837474 0.045324422 0.997296810
1520616437565971712.000000 18.800308228 -0.483984113 1.236495733 0.030161489 0.023621535 0.042325504 0.998369098
1520616437965599488.000000 18.799858093 -0.492234498 1.365008473 0.039937075 0.168829814 0.025849255 0.984496474
1520616438664784640.000000 18.735120773 -0.478231102 1.526274323 0.001418643 0.471220285 -0.014991627 0.881887019
1520616439064648448.000000 18.685211182 -0.457760423 1.565057635 0.042766329 0.649436712 -0.001347159 0.759210885
1520616439414658560.000000 18.600997925 -0.448210478 1.632523894 0.057357945 0.656740069 0.004268641 0.751920462
1520616439714924544.000000 18.500137329 -0.441333592 1.688961267 0.031894535 0.685392618 -0.015526188 0.727309167
1520616440015274240.000000 18.385753632 -0.436194509 1.734251142 0.058951847 0.704139888 -0.004932594 0.707592666
1520616440316354560.000000 18.244169235 -0.412648827 1.769774079 0.078098580 0.695893168 -0.006835974 0.713853300
1520616440566362624.000000 18.122516632 -0.411498398 1.805782199 0.067532256 0.676731884 -0.007801671 0.733084261
1520616440869310208.000000 17.962774277 -0.397597820 1.834016442 0.053083219 0.687630594 -0.018939355 0.723869920
1520616441221049088.000000 17.779565811 -0.394322842 1.832373023 0.053660106 0.744517446 -0.057602413 0.662945151
1520616441572291840.000000 17.576623917 -0.383176625 1.859358907 0.041713763 0.718290508 -0.018544897 0.694244027
1520616441972489984.000000 17.343814850 -0.366045177 1.876667023 0.062682770 0.729494214 -0.032270219 0.680343807
1520616442372292608.000000 17.129972458 -0.357613772 1.844232321 0.063560717 0.753083527 -0.024178797 0.654400945
1520616442771308800.000000 16.897569656 -0.372273326 1.833134294 0.052896291 0.724256694 -0.013636245 0.687363267
1520616443170114560.000000 16.668167114 -0.375764370 1.804274321 0.052471261 0.749376595 -0.069623336 0.656379580
1520616443618963968.000000 16.408309937 -0.352031320 1.780865073 0.048274469 0.736752093 -0.068922773 0.670906544
1520616444168035840.000000 16.072563171 -0.340091079 1.784518003 0.027267801 0.702569544 -0.078041866 0.706797004
1520616445215293696.000000 15.416644096 -0.327184647 1.755774736 0.029653788 0.682385564 -0.082835756 0.725678205
1520616445914717184.000000 14.981946945 -0.321908295 1.714954019 0.024538215 0.703650296 -0.047525004 0.708530545
1520616446364816640.000000 14.698530197 -0.304954588 1.711975336 0.038932595 0.715842903 -0.050635036 0.695333958
1520616446666302464.000000 14.510060310 -0.284011126 1.682232618 0.031908609 0.734906375 -0.046512932 0.675818741
1520616447067862016.000000 14.253396988 -0.282135636 1.663830876 0.049310528 0.712791264 -0.037959777 0.698610127
1520616447517729536.000000 13.967102051 -0.275961995 1.646824241 0.053466983 0.735261261 -0.043510813 0.674269199
1520616447916753152.000000 13.715588570 -0.258628249 1.624895930 0.046250418 0.728684604 -0.036634501 0.682303131
1520616448215782400.000000 13.533391953 -0.258262336 1.623705983 0.058023266 0.706596255 -0.031623606 0.704524636
1520616448515346944.000000 13.349559784 -0.253411502 1.607309103 0.060753196 0.730255544 -0.028687596 0.679862440
1520616448715353088.000000 13.229675293 -0.252326578 1.597106338 0.072294168 0.734578967 -0.029382167 0.674020767
1520616448966075648.000000 13.066406250 -0.241610825 1.585375905 0.067023575 0.719263673 -0.052518632 0.689499378
1520616449166181632.000000 12.942229271 -0.244556397 1.585655928 0.080732405 0.698563516 -0.028766289 0.710396945
1520616449418728192.000000 12.777999878 -0.223169997 1.587105513 0.078138992 0.693981707 -0.053220637 0.713758528
1520616449568733184.000000 12.685672760 -0.227447718 1.593060970 0.087398857 0.696665466 -0.050558016 0.710255325
1520616449821419776.000000 12.528277397 -0.220888942 1.611458659 0.115252674 0.674951911 -0.068396464 0.725588500
1520616450071428608.000000 12.367104530 -0.213694632 1.649970055 0.111656345 0.612764597 -0.085241556 0.777680099
1520616450472754944.000000 12.143445015 -0.198503971 1.773097754 0.127991349 0.503987908 -0.118854880 0.845865190
1520616450972423936.000000 11.913467407 -0.162396073 2.002013445 0.121038251 0.351497233 -0.125499189 0.919809461
1520616451418297600.000000 11.796436310 -0.133572727 2.257901907 0.058248159 0.114072978 -0.084996805 0.988114417
1520616451915706624.000000 11.771414757 -0.139902174 2.556581020 -0.063515499 -0.001044768 0.085385270 0.994320869
1520616452614119424.000000 11.752730370 -0.164136454 2.964263201 -0.145888165 -0.023326192 0.389874279 0.908939242
1520616453163944960.000000 11.729012489 -0.185723841 3.279585361 -0.225509658 0.018525107 0.450039536 0.863867223
1520616453664008192.000000 11.655360222 -0.161844805 3.550049067 -0.217717856 0.102756582 0.494152755 0.835376024
1520616454064229632.000000 11.537279129 -0.098891251 3.732572079 -0.219554916 0.294522345 0.488119632 0.791701615
1520616454464134400.000000 11.357220650 -0.024632493 3.830425978 -0.246929109 0.522934496 0.394792110 0.713936031
1520616454914921984.000000 11.184938431 0.041000221 3.780697107 -0.193921477 0.789012611 0.167504668 0.558386743
1520616455365957632.000000 11.140881538 0.044588394 3.641855955 -0.036218099 0.948467493 0.002733542 0.314786017
1520616455864949760.000000 11.129621506 -0.009360223 3.473905325 0.098696411 0.985721111 -0.088270754 0.104024738
1520616456314662400.000000 11.171035767 -0.029649636 3.346256256 0.135480478 0.973861992 -0.073604450 -0.166794181
1520616456815014400.000000 11.272181511 -0.046991121 3.220208168 0.099199757 0.899127901 -0.076120228 -0.419445008
1520616457415487232.000000 11.443284035 -0.089328006 3.013013840 0.157404035 0.896372139 -0.079237647 -0.406770587
1520616458020891392.000000 11.653333664 -0.116607234 2.733342409 0.148041919 0.950571418 -0.072468221 -0.263146281
1520616458423003904.000000 11.755059242 -0.115782887 2.511721134 0.142928392 0.970846951 -0.028353021 -0.190325499
1520616458973026048.000000 11.763517380 -0.134595409 2.192474365 0.179568529 0.983627319 0.004725342 0.014496800
1520616459673041920.000000 11.492475510 -0.158478662 1.877678990 0.253353626 0.883902848 -0.065241545 0.387648344
1520616460273061888.000000 11.131960869 -0.140063822 1.755965590 0.261656225 0.738006592 -0.049567763 0.620020449
1520616460623107072.000000 10.920331001 -0.122296102 1.725584507 0.233267337 0.713871121 -0.043714818 0.658834875
1520616460973082880.000000 10.709901810 -0.107631907 1.714356661 0.213861004 0.709212244 -0.023982955 0.671346605
1520616461220576256.000000 10.556149483 -0.112289444 1.715162873 0.156849056 0.687773466 0.002860487 0.708772063
1520616461568299776.000000 10.341316223 -0.096566096 1.722331405 0.179355681 0.663709462 -0.010896654 0.726087153
1520616461818307584.000000 10.184015274 -0.105966516 1.728846431 0.174802691 0.668353140 -0.014123349 0.722875237
1520616462116940544.000000 9.992521286 -0.093559228 1.720878243 0.121428080 0.680453181 -0.023129096 0.722290635
1520616462316946688.000000 9.868115425 -0.099485643 1.714568853 0.103566892 0.682927907 -0.014371380 0.722963929
1520616462516005376.000000 9.745347023 -0.091312446 1.711070180 0.119027890 0.688704312 -0.018095143 0.714976430
1520616462716012288.000000 9.613187790 -0.080248691 1.713657022 0.113299251 0.689941704 -0.027950741 0.714396596
1520616462916006912.000000 9.492814064 -0.088298872 1.710761666 0.108883269 0.703443825 -0.022420246 0.702003241
1520616463016009984.000000 9.433291435 -0.086789966 1.707173944 0.103463419 0.708512664 -0.012611487 0.697958529
1520616463217019392.000000 9.306715012 -0.076973021 1.696657181 0.098354585 0.714207530 -0.025837261 0.692507327
1520616463367024640.000000 9.216824532 -0.082872584 1.687638879 0.102411412 0.714110255 -0.035827778 0.691574156
1520616463567029504.000000 9.098528862 -0.084522486 1.679490089 0.101378441 0.709067404 -0.048335072 0.696139038
1520616463768134656.000000 8.973890305 -0.069399156 1.668908715 0.108579531 0.705834210 -0.053690366 0.697944045
1520616463968140544.000000 8.855076790 -0.070536770 1.665438533 0.139339373 0.693143845 -0.027792515 0.706656694
1520616464268233216.000000 8.668502808 -0.062303718 1.677814603 0.148579210 0.642350435 -0.044017587 0.750581503
1520616464567779072.000000 8.489967346 -0.066558808 1.724884987 0.153724641 0.543174088 -0.057063330 0.823452711
1520616464866486016.000000 8.335307121 -0.044325318 1.814645648 0.163403511 0.448374510 -0.093066387 0.873841107
1520616465116494080.000000 8.235165596 -0.034272805 1.917955279 0.174735546 0.352091700 -0.098437592 0.914225876
1520616465365591808.000000 8.160827637 -0.004061591 2.047042608 0.165847957 0.233752146 -0.105590984 0.952210546
1520616467015140864.000000 8.032568932 0.039364405 2.902960062 0.018624384 0.325356781 0.007524734 0.945377946
1520616467564806400.000000 7.782221317 0.030720709 2.942875385 -0.002642777 0.749090612 -0.028657131 0.661842108
1520616468114623744.000000 7.626796722 0.028016660 2.792490005 0.024659522 0.960780144 -0.060298018 0.269550711
1520616468515250176.000000 7.638497829 0.031601347 2.707623959 0.012065101 0.993762493 -0.042954694 -0.102202758
1520616469015907072.000000 7.789774895 0.036219094 2.672385693 0.019469168 0.903533638 -0.014313863 -0.427835226
1520616469566512640.000000 7.982115746 0.047235481 2.549959898 0.045101814 0.921989024 0.037001222 -0.382796228
1520616470867895296.000000 8.231993675 -0.014334360 1.989550233 0.056543272 0.954449296 -0.046660289 -0.289226919
1520616471368333568.000000 8.250314713 -0.036462005 1.816974163 0.022818239 0.889816761 -0.047652926 -0.453249037
1520616472168209152.000000 7.987884045 -0.013169221 1.783420801 0.072706006 -0.662738919 0.089153089 0.739961267
1520616473865916160.000000 7.046091557 0.014306873 1.778560877 0.028919341 -0.637557328 0.012861083 0.769752502
1520616474415910144.000000 6.706459522 0.027913766 1.801044226 0.019779967 -0.678666592 -0.002622930 0.734175444
1520616474966452480.000000 6.362059593 0.028984837 1.800214410 -0.009873547 -0.698124647 -0.063744195 0.713064611
1520616475668870144.000000 5.912452698 0.040768199 1.798872590 -0.013103687 -0.703352451 -0.067347184 0.707522452
1520616476673207552.000000 5.363013268 0.080655001 1.756406307 0.007775907 -0.690866292 -0.075281255 0.719010413
1520616476873212416.000000 5.295680523 0.079108737 1.737896085 0.015909659 -0.720918179 -0.095131487 0.686275363
1520616477623584768.000000 5.274660110 0.063078657 1.440347672 -0.003844740 0.962174118 0.027149364 -0.271051854
1520616478571639040.000000 5.548843384 0.003251098 1.040679336 -0.031928707 0.931508839 -0.052613236 -0.358474106
1520616479521460736.000000 5.931050301 -0.031469066 0.701349854 0.117251754 0.950928807 0.015171254 -0.285930574
1520616480067616512.000000 5.961935997 -0.044750400 0.430115879 0.075164966 0.996815264 -0.006942998 -0.025716333
1520616480765314560.000000 5.943022251 -0.087097593 0.236271635 0.062115408 0.994978607 -0.078443937 0.002396238
1520616481265254912.000000 5.903526306 -0.077060111 0.364328653 0.083278395 0.930504024 -0.103926331 0.341213018
1520616481766250752.000000 5.821772099 -0.051508941 0.558367372 0.069911607 0.722260714 -0.043703966 0.686689019
1520616482319418624.000000 5.622523308 -0.032401357 0.710269570 0.046270031 0.577251613 -0.026293939 0.814830244
1520616482823766016.000000 5.436685562 -0.016877012 0.920616865 0.066679724 0.328411460 -0.067724422 0.939741015
1520616483273779968.000000 5.354532719 0.017020214 1.171016097 0.059318248 0.086819127 -0.029706934 0.994012713
1520616483723793920.000000 5.267474174 0.028758507 1.396009207 0.019979853 0.097832344 0.032001872 0.994487584
1520616484222494720.000000 5.069154739 0.058985282 1.551760912 0.071986340 0.433021486 0.030650243 0.897981584
1520616484669201920.000000 4.846043587 0.070404701 1.651215315 0.072626777 0.552957714 -0.033516575 0.829361022
1520616485167478016.000000 4.607040405 0.096469387 1.820293784 0.108635888 0.499686629 -0.085189849 0.855134010
1520616485566662144.000000 4.472998142 0.134610221 2.025468111 0.124409124 0.268072695 -0.097858764 0.950306833
1520616486115631872.000000 4.382613182 0.157095447 2.329689026 0.023437694 0.120297335 -0.002763162 0.992457330
1520616486315639040.000000 4.330741882 0.155595034 2.415799141 0.028145626 0.226248011 0.030597912 0.973182142
1520616486765487872.000000 4.146980762 0.183645949 2.555558920 -0.017232563 0.469870508 0.017870899 0.882386208
1520616486916426496.000000 4.078582764 0.183563948 2.581665039 0.011643801 0.521488667 -0.004365092 0.853167593
1520616487216435456.000000 3.928614378 0.199264944 2.640852690 0.034378257 0.559852839 -0.044245910 0.826695323
1520616487367259136.000000 3.851035595 0.191097587 2.668286800 0.049869340 0.571116507 -0.057539765 0.817329884
1520616487567265024.000000 3.748421907 0.186279386 2.705017567 0.045879316 0.561193705 -0.059484307 0.824268401
1520616487767534336.000000 3.649796247 0.187720940 2.758757591 0.027014691 0.507181942 -0.076808192 0.857984364
1520616488317124864.000000 3.489169598 0.179525480 2.930068970 0.022905117 0.296991318 -0.095252559 0.949841261
1520616488866386944.000000 3.421847105 0.134388864 3.219499350 -0.050340869 -0.154012755 -0.062477533 0.984805763
1520616489515493376.000000 3.636782885 0.122081041 3.134246588 -0.070411600 -0.785622418 -0.045118697 0.613028526
1520616490015786496.000000 3.752516031 0.154896349 2.900277853 -0.032859690 0.920291483 -0.050177079 -0.386608452
1520616490565900288.000000 3.946323633 0.151670694 2.763426781 -0.075594932 0.871840298 -0.081630975 -0.476986736
1520616491116021248.000000 4.143960953 0.139967188 2.660633802 0.086131968 0.872541547 -0.006371350 -0.480845004
1520616491717255424.000000 4.375676155 0.138197452 2.405078888 0.214867949 0.961101055 0.053682908 -0.165029421
1520616492417766912.000000 4.345000267 0.119499050 2.021475315 0.196675688 0.958523929 -0.035848912 0.203138962
1520616493016670208.000000 4.066848278 0.127492741 1.835641026 0.136727497 0.835598826 -0.052748505 0.529431581
1520616493366681088.000000 3.872330189 0.139995947 1.772961020 0.119846463 0.789524019 -0.011142851 0.601801097
1520616493868840192.000000 3.565863371 0.122684442 1.748937368 0.055462755 0.716558814 -0.061682474 0.692576826
1520616494319113728.000000 3.289745808 0.114681579 1.720381260 0.050294939 0.727322400 -0.056491684 0.682115316
1520616494768772096.000000 3.004371643 0.126898244 1.688614488 0.068809770 0.712587595 -0.007585979 0.698159456
1520616495118010112.000000 2.773290157 0.138534009 1.675037742 0.067149937 0.715740502 -0.057415605 0.692755342
1520616495468020992.000000 2.548495293 0.140525430 1.668511033 0.071827210 0.724625409 -0.035407387 0.684474409
1520616495767123712.000000 2.348593473 0.146968693 1.677842975 0.043037482 0.691428185 -0.044385765 0.719794989
1520616495916726272.000000 2.251633644 0.149917185 1.685406208 0.052556518 0.672182739 -0.047636606 0.736979663
1520616496116733184.000000 2.112026453 0.172530457 1.689848423 0.047782678 0.675914884 -0.049915519 0.733733177
1520616496317428736.000000 1.979299664 0.175348252 1.684664607 0.068743244 0.705918550 -0.024783490 0.704513431
1520616496517433600.000000 1.845847607 0.177300513 1.674703360 0.076398924 0.714581490 -0.032189738 0.694622457
1520616496719662848.000000 1.707967639 0.183498830 1.669346452 0.078505374 0.702422261 -0.040348865 0.706266165
1520616496969633792.000000 1.542942405 0.172511414 1.663397551 0.096059784 0.669630706 -0.049768981 0.734772265
1520616497222284800.000000 1.373151660 0.188440457 1.666025519 0.100556880 0.647789776 -0.085301556 0.750320256
1520616497472292864.000000 1.217487693 0.186747357 1.677632570 0.147610053 0.625482678 -0.099315785 0.759683609
1520616497723952128.000000 1.058255315 0.203590915 1.719274879 0.135020345 0.556094587 -0.131347179 0.809491336
1520616497973645568.000000 0.929058433 0.200932756 1.786877871 0.142877758 0.456303775 -0.136611968 0.867588580
1520616498273655552.000000 0.798369586 0.230252936 1.899413347 0.114461161 0.353317231 -0.151257217 0.916071415
1520616498568918528.000000 0.709944904 0.239727765 2.021770477 0.122341320 0.267363518 -0.137984022 0.945785284
1520616498816708096.000000 0.661485195 0.258634746 2.149574995 0.083820544 0.170355126 -0.112239659 0.975374520
1520616499265823488.000000 0.632157147 0.256749570 2.374734879 0.060494736 0.054442745 -0.017263319 0.996533155
1520616499465830400.000000 0.616999805 0.261141628 2.485162497 0.052423317 0.071280494 0.011488035 0.996011496
1520616499715744000.000000 0.586927235 0.267939240 2.619263172 0.039736103 0.113555588 0.034246210 0.992145836
1520616499915749888.000000 0.551651657 0.294500977 2.729179859 0.036669839 0.151795745 0.058395755 0.986003697
1520616500165881088.000000 0.491693646 0.303717881 2.854058027 0.059650648 0.218092188 0.043753441 0.973120332
1520616500365887232.000000 0.430681288 0.318383425 2.952043533 0.051430032 0.281726956 0.012067629 0.958039284
1520616500566226688.000000 0.359091133 0.327337950 3.043254852 0.045189641 0.346839219 -0.009917876 0.936782837
1520616500817519360.000000 0.269442558 0.328851998 3.134127378 0.077107415 0.398383200 -0.053103279 0.912428260
1520616501117529600.000000 0.161700547 0.341228813 3.247302055 0.106869452 0.359629840 -0.095069207 0.922066808
1520616501368290304.000000 0.083207585 0.335483134 3.341206551 0.114708960 0.304526478 -0.137097448 0.935579896
1520616501568296448.000000 0.032532822 0.343352169 3.427123308 0.111314252 0.219468355 -0.178313449 0.952705145
1520616501868672512.000000 0.013949876 0.361377507 3.566123009 0.069985047 0.036533076 -0.166572437 0.982863724
1520616502118581248.000000 0.043223232 0.389541715 3.677454233 0.048536308 -0.126427501 -0.122409128 0.983196974
1520616502418590208.000000 0.122780964 0.393907517 3.772228003 0.032684591 -0.300760418 -0.057222348 0.951420248
1520616502717219328.000000 0.217869982 0.385942221 3.849147320 0.004977425 -0.322314322 0.045328576 0.945533693
1520616503066520064.000000 0.257774264 0.366452217 3.969832182 -0.018783048 -0.093751281 0.118790947 0.988304913
1520616503317458176.000000 0.211956918 0.375444055 4.051143169 -0.032640085 0.143482387 0.115373872 0.982362688
1520616503517465088.000000 0.146636352 0.378002048 4.089573383 -0.048748590 0.351004034 0.072606497 0.932281137
1520616503719346944.000000 0.078542873 0.385690659 4.092452049 -0.066690519 0.571080148 0.042725027 0.817064583
1520616504019356160.000000 0.008084388 0.390207142 4.044772625 -0.076318309 0.821270645 -0.013320646 0.565254450
1520616504270466816.000000 -0.020429980 0.387703240 3.963345766 -0.071152277 0.940966129 -0.036623433 0.328905493
1520616504519018752.000000 -0.029129721 0.387225181 3.869028807 -0.069555178 0.990151703 -0.028000539 0.118227422
1520616504916989952.000000 -0.005982410 0.390296817 3.695757627 -0.020071853 0.980000436 -0.036801539 -0.194529951
1520616505116983040.000000 0.028373664 0.377499372 3.609066010 0.027007220 0.945498526 -0.057235140 -0.319417119
1520616505416082688.000000 0.100719072 0.366907895 3.481828690 0.068914898 0.907003582 -0.040482137 -0.413468778
1520616505715764992.000000 0.190296561 0.335500836 3.363246679 0.086317211 0.893864691 -0.039806034 -0.438144594
1520616505965773056.000000 0.278303862 0.328507781 3.272373676 0.100383505 0.895246625 -0.014168464 -0.433884621
1520616506115674368.000000 0.331287742 0.320309997 3.218117714 0.119409747 0.899896383 0.008621499 -0.419348866
1520616506315680512.000000 0.390736759 0.297607303 3.137420416 0.152464986 0.915877640 -0.011895245 -0.371188670
1520616506565777408.000000 0.443437159 0.291996330 3.017866135 0.188819066 0.952441096 0.002233177 -0.239161715
1520616506715744512.000000 0.449769676 0.285209060 2.935201645 0.231653318 0.967243850 0.008168253 -0.103486255
1520616506865748480.000000 0.443341821 0.276511699 2.863536119 0.259750277 0.963895440 -0.000137106 0.058612235
1520616506966764288.000000 0.428301901 0.277658522 2.819407225 0.290543854 0.943391383 -0.012568410 0.159496099
1520616509324593920.000000 -0.120424040 0.303351194 1.948279023 -0.053541228 0.979937434 -0.021990785 -0.190715522
1520616509374596096.000000 -0.105036527 0.327193290 1.891312838 -0.055502690 0.971773982 -0.033687700 -0.226803601
1520616509424598016.000000 -0.090906665 0.318365663 1.875197768 -0.060116772 0.965369523 -0.038697336 -0.250898600
1520616509524600064.000000 -0.052395683 0.308975190 1.839243770 -0.057668552 0.946007907 -0.052893057 -0.314556390
1520616509624603904.000000 -0.007507114 0.301861972 1.808595181 -0.059462853 0.917912662 -0.058766738 -0.387874931
1520616509774607872.000000 0.063693076 0.299207091 1.772001624 -0.072337076 0.871169150 -0.072638951 -0.480161726
1520616509874696960.000000 0.117093772 0.301492870 1.752240777 0.076590843 -0.836283445 0.084467709 0.536310613
1520616510024615936.000000 0.200637981 0.290830880 1.732555628 0.077507153 -0.796027839 0.100153238 0.591862857
1520616510174619904.000000 0.288190186 0.275177777 1.731042862 0.067425638 -0.752281189 0.105234943 0.646879017
1520616510323599616.000000 0.377883315 0.267164409 1.743266582 0.060135212 -0.692407787 0.123733930 0.708269119
1520616510523605760.000000 0.497796327 0.266379684 1.781928182 0.042683840 -0.600884199 0.132342651 0.787147820
1520616510721431296.000000 0.585537195 0.245734647 1.854635835 0.039823193 -0.492651016 0.128051057 0.859832585
1520616510971439360.000000 0.678633094 0.250208884 1.964493036 0.019427862 -0.369218558 0.140912488 0.918392003
1520616511218088960.000000 0.732270360 0.244521946 2.082819939 0.013028674 -0.244110629 0.155034930 0.957185686
1520616511416495360.000000 0.749255061 0.250579506 2.183448792 0.009491613 -0.121199578 0.143011719 0.982226133
1520616511716504320.000000 0.734145522 0.270761877 2.338364363 0.019324630 0.086580500 0.122336268 0.988516152
1520616511916026368.000000 0.686587691 0.269611418 2.421401978 0.011573445 0.231507957 0.111832574 0.966314435
1520616512266460928.000000 0.571108937 0.302362323 2.545490980 0.004495861 0.409198612 0.125323147 0.903786719
