1520531829251142144.000000 0.000000000 0.000000000 0.000000000 0.000000000 0.000000000 0.000000000 1.000000000
1520531830401187328.000000 -0.019187476 -0.008407607 0.005254937 -0.002400780 0.005166966 -0.001830688 0.999982119
1520531836651412224.000000 -0.385900289 -0.077802509 0.053355075 -0.069830336 0.116402917 -0.026822777 0.990381062
1520531838901326848.000000 0.553767681 -0.096481591 0.028544711 0.008043104 -0.050961621 0.031405427 0.998174310
1520531839251461888.000000 0.492262065 0.017208731 -0.074036516 0.067223214 -0.037935898 0.042812869 0.996096849
1520531839601473024.000000 0.360719472 0.069170430 -0.112958111 0.104910202 0.029120950 0.060675099 0.992201746
1520531839951736576.000000 0.208285227 -0.075054325 -0.027368598 -0.016772646 0.071254335 0.021904398 0.997076571
1520531844051387392.000000 -0.275553942 -0.024577012 0.071950227 0.063326716 0.416982472 0.085248061 0.902689397
1520531844401682688.000000 -0.305305958 -0.109067969 0.006865897 0.048375111 0.569405913 -0.080563009 0.816667855
1520531844751779840.000000 -0.130310267 -0.127675876 0.117172845 0.036041919 0.423544258 -0.103106096 0.899266541
1520531845551611904.000000 0.423051566 -0.122038350 0.188667789 -0.035484176 -0.405693591 0.075703464 0.910177231
1520531849951912704.000000 0.105959371 -0.087931596 0.106965065 -0.071753226 0.117843591 0.457632214 0.878371835
1520531850651857152.000000 0.254518837 -0.063290127 0.118814409 0.085707024 0.032036815 -0.249207586 0.964118004
1520531851051800576.000000 0.470898300 -0.044521607 0.161857456 0.059423760 -0.182334498 0.048772853 0.980226576
1520531852502724864.000000 -0.249965191 -0.203747660 0.078340583 0.023977062 0.328646660 -0.131684884 0.934920073
1520531852851874816.000000 -0.058601841 -0.208821118 0.176072747 -0.030784404 0.133253977 -0.121029072 0.983182430
1520531853552509952.000000 0.358990312 -0.006828899 0.121785104 0.044804886 -0.258464277 0.039142605 0.964187026
1520531853952238336.000000 0.504072070 -0.035581823 0.065088794 0.001942571 -0.403111935 0.084553510 0.911234140
1520531854402319360.000000 0.654393017 0.006561980 0.132991403 0.025924161 -0.434929878 0.035694782 0.899383008
1520531854752422400.000000 0.778242350 0.003863550 0.253787041 0.057531543 -0.405854315 0.034095705 0.911487699
1520531855102433536.000000 0.931664407 0.014622165 0.413535565 0.016629348 -0.352251410 0.039930850 0.934905291
1520531855402500864.000000 1.035936475 0.010979277 0.569661498 0.034963202 -0.260159701 0.026501937 0.964568377
1520531855752934144.000000 1.150797606 0.018985400 0.785515189 0.026694231 -0.219378114 0.038112268 0.974529684
1520531856103549696.000000 1.249417782 0.045118041 0.998571813 0.037841152 -0.183166355 0.024076192 0.982058287
1520531856503859712.000000 1.285339713 0.017988162 1.244977474 0.063553698 -0.122555517 0.007110948 0.990399182
1520531856753867776.000000 1.327969909 0.040216029 1.394681215 0.064949974 -0.171240255 -0.018861847 0.982905149
1520531857303810560.000000 1.524607539 0.052841589 1.659758806 0.092846900 -0.325814724 -0.086284876 0.936898708
1520531857553817600.000000 1.660922289 0.050307415 1.743243456 0.069942109 -0.428122669 -0.084673077 0.897022605
1520531857704911360.000000 1.750418782 0.063565940 1.778345466 0.067410760 -0.491119087 -0.072084583 0.865483463
1520531857804833280.000000 1.810994864 0.062143780 1.797210455 0.067628451 -0.537415802 -0.059100874 0.838521183
1520531858004839424.000000 1.930034399 0.048175871 1.815738797 0.059864081 -0.631561816 -0.060554329 0.770635545
1520531858155737600.000000 2.022806406 0.056729816 1.822950244 0.044115745 -0.670812488 -0.058291197 0.738015234
1520531858355743488.000000 2.145076036 0.054769341 1.837661624 0.056385368 -0.680579484 -0.052737497 0.728595197
1520531858556213248.000000 2.260487556 0.038513765 1.855572104 0.036539823 -0.680969536 -0.042293500 0.730175734
1520531858756220416.000000 2.383643866 0.051893849 1.869059801 0.047527064 -0.680409074 -0.034243219 0.730487525
1520531858955611392.000000 2.507003546 0.040033113 1.877000213 0.056551069 -0.709083915 -0.046973016 0.701281309
1520531859155615488.000000 2.629943132 0.036564469 1.873993993 0.036927819 -0.728167951 -0.058693696 0.681881845
1520531859404658432.000000 2.792704344 0.035120137 1.873924136 0.031889297 -0.727280617 -0.047914896 0.683922648
1520531859604664576.000000 2.912948847 0.019501591 1.881749392 0.024356892 -0.719885111 -0.036722157 0.692693055
1520531859803837440.000000 3.040651798 0.023315996 1.883618593 0.003270574 -0.725084782 -0.006226101 0.688623667
1520531860003844608.000000 3.163697481 0.011034947 1.870331645 0.002401893 -0.756127238 -0.008528535 0.654364705
1520531860253605632.000000 3.315496683 0.015441447 1.847550392 0.009905301 -0.771314144 -0.017794652 0.636128664
1520531860453611776.000000 3.443742752 0.019246951 1.843311906 0.015484843 -0.760557771 -0.024574559 0.648620188
1520531860754921472.000000 3.631527901 0.013618260 1.847693920 0.034125648 -0.735483468 -0.013208335 0.676553786
1520531861008170240.000000 3.795680761 0.013071413 1.839374661 0.041094590 -0.752856910 -0.027273387 0.656333685
1520531861208176384.000000 3.916201353 0.003269754 1.821316481 0.036786661 -0.768773258 -0.030395092 0.637738585
1520531861409928192.000000 4.045704365 0.012229959 1.807042837 0.024962429 -0.755912185 -0.016508158 0.653988659
1520531861609934336.000000 4.159964085 -0.006375788 1.804535389 0.024754943 -0.729411542 -0.023961723 0.683206975
1520531861860670720.000000 4.302062988 -0.005291373 1.814634204 0.023771673 -0.702290535 0.015882900 0.711316109
1520531862060676608.000000 4.413616180 -0.008866941 1.830848098 0.039670184 -0.675735950 0.029590007 0.735480547
1520531862259843584.000000 4.508595943 -0.018877959 1.856017113 0.044599529 -0.621133864 0.071296915 0.779179275
1520531862509853440.000000 4.614531994 -0.009269268 1.909082294 0.043088663 -0.490565807 0.128229082 0.860840201
1520531862757271808.000000 4.683123589 -0.008901685 1.980442166 0.054811709 -0.343862504 0.151442111 0.925105155
1520531863004576768.000000 4.739552975 0.012449573 2.069573164 0.055298854 -0.233052447 0.177937686 0.954445779
1520531863204582912.000000 4.763267517 0.009294038 2.155745268 0.046777982 -0.169446230 0.165166795 0.970473945
1520531863403330560.000000 4.776191235 0.013234540 2.249068022 0.036898751 -0.100690551 0.119494818 0.987026274
1520531863603336448.000000 4.789666653 0.009783241 2.345936298 0.013164156 -0.057167049 0.063198186 0.996275365
1520531863852889088.000000 4.807283878 -0.007805096 2.455965042 0.004004059 -0.024499372 0.009987529 0.999641955
1520531864002894080.000000 4.821806908 -0.002914019 2.530385017 -0.007420086 -0.045070585 -0.006739172 0.998933494
1520531864202590208.000000 4.854842186 -0.001645906 2.628081322 -0.005559328 -0.115572385 -0.036857031 0.992599428
1520531864402596096.000000 4.910505772 -0.004001069 2.711319923 0.006431744 -0.211695835 -0.040266737 0.976484537
1520531864603087872.000000 4.984335899 -0.002889981 2.786615610 -0.001995271 -0.279623747 -0.035062317 0.959467173
1520531864853095936.000000 5.090715408 -0.017830513 2.876360416 -0.020459665 -0.348903120 -0.000374856 0.936935365
1520531865104430080.000000 5.199502945 -0.024467276 2.938196898 -0.039529629 -0.399221152 0.028791640 0.915549517
1520531865354438144.000000 5.304755688 -0.032927871 2.980182171 -0.031805482 -0.448661894 0.048598219 0.891812265
1520531865554541824.000000 5.388891697 -0.036670215 3.005143166 -0.020904932 -0.463221163 0.034178093 0.885336637
1520531865804985856.000000 5.488924026 -0.047932509 3.047005177 -0.059759215 -0.440622061 0.063897833 0.893419325
1520531866054992640.000000 5.547535419 -0.069666632 3.101311207 -0.092435308 -0.339726031 0.084757783 0.932125568
1520531866304596736.000000 5.576975822 -0.073684648 3.171842575 -0.116300792 -0.210157573 0.121479787 0.963094294
1520531866554604800.000000 5.558176994 -0.076126233 3.223567963 -0.138494909 -0.006822661 0.139840424 0.980416894
1520531866853672192.000000 5.497300148 -0.052012738 3.203016996 -0.128475353 0.322602600 0.088173315 0.933620453
1520531867153171712.000000 5.441296577 -0.027656164 3.109604359 -0.057382092 0.556248307 0.028550640 0.828540862
1520531867452915200.000000 5.387247562 -0.020847315 3.001625061 -0.015827036 0.675017893 -0.016099010 0.737455904
1520531867752924160.000000 5.307689190 -0.016356912 2.917495251 0.005566834 0.727097273 -0.001839618 0.686509430
1520531868002952448.000000 5.219007492 -0.030307513 2.867491245 0.006662857 0.729955137 -0.043448679 0.682080150
1520531868352914432.000000 5.069124699 -0.031191180 2.842643738 -0.017433034 0.628746390 -0.073749989 0.773908913
1520531868602921216.000000 4.978305340 -0.034340214 2.860395432 -0.005788476 0.510263026 -0.042625830 0.858941913
1520531868952869376.000000 4.868793964 -0.032174461 2.919421196 -0.025046537 0.345184624 -0.030835217 0.937693655
1520531869353271296.000000 4.781215668 -0.059939004 3.023892879 -0.036380697 0.140191153 0.002830032 0.989451826
1520531869703583744.000000 4.756133080 -0.102592610 3.120273352 -0.081422038 -0.053464808 0.007304086 0.995217860
1520531870203501312.000000 4.835545540 -0.150210395 3.195671797 -0.114947893 -0.338815898 0.073719583 0.930890024
1520531871354113536.000000 4.873429775 -0.137861565 2.958927870 0.041915789 -0.506685674 0.008666965 0.861067712
1520531871854705664.000000 4.871077538 -0.083717413 2.800494671 0.002679611 -0.811644256 -0.048596710 0.582120895
1520531872155931648.000000 4.854385853 -0.055283565 2.668997765 0.028920073 0.938647628 0.124985531 -0.320129395
1520531872406387712.000000 4.834524155 -0.049337417 2.566176653 0.046913899 0.966068804 0.137806460 -0.213353157
1520531872606393600.000000 4.821052551 -0.040949453 2.468511581 0.037275352 0.986343443 0.104065254 -0.122096494
1520531872959263232.000000 4.818459034 -0.042680770 2.295447826 0.021423930 0.997962475 0.049702670 -0.033787016
1520531873261372672.000000 4.810629845 -0.048669908 2.118910313 0.010045359 0.999150693 -0.038112253 0.012017805
1520531873461378816.000000 4.814724922 -0.061806221 2.014954567 0.009404019 0.998502612 -0.052223228 -0.013297414
1520531873761202688.000000 4.817697048 -0.051321559 1.850858688 0.013102767 0.998120010 -0.053357176 -0.027162224
1520531873961208576.000000 4.804044247 -0.056770198 1.740612030 -0.007493091 0.998913050 -0.045622956 0.005924144
1520531874161381376.000000 4.796053886 -0.060440253 1.628056049 0.002469273 0.999335170 -0.033543397 0.014071099
1520531874410202624.000000 4.800168991 -0.064113535 1.485845923 -0.031934600 0.996940613 -0.064536601 -0.030407529
1520531874660210432.000000 4.837266922 -0.072933808 1.360596299 -0.074925944 0.986072123 -0.075930737 -0.127602413
1520531874908749312.000000 4.906044483 -0.070322618 1.239163160 -0.112242825 0.965756059 -0.105191827 -0.208929434
1520531875158756352.000000 4.997231007 -0.075051785 1.148033738 -0.112779900 0.937008560 -0.117801860 -0.308898687
1520531875508063232.000000 5.149577141 -0.062661730 1.064348459 -0.068835087 0.892778277 -0.054092150 -0.441908002
1520531875758070272.000000 5.261891365 -0.077604339 1.032846928 0.016858667 -0.849145412 0.068080440 0.523481548
1520531876059257600.000000 5.395500183 -0.074506767 0.969067097 -0.022558371 0.871810973 -0.022031469 -0.488826543
1520531876359267584.000000 5.494114399 -0.094354481 0.857747853 0.019368548 0.920300424 -0.049014367 -0.387646228
1520531876607642880.000000 5.550282955 -0.106825188 0.742712736 0.017120505 0.942844272 -0.080813579 -0.322832435
1520531876955073792.000000 5.591577053 -0.110377476 0.574706912 -0.004009127 0.982887685 -0.041066870 -0.179524988
1520531877205081856.000000 5.561999321 -0.115675457 0.466640979 -0.006730229 0.999154985 -0.037958764 -0.014254407
1520531877503497472.000000 5.491144657 -0.134469166 0.369349688 0.006231742 0.991902649 -0.038788103 0.120771788
1520531877802910208.000000 5.439442158 -0.150438860 0.283866704 -0.038845945 0.992044568 -0.051882152 0.107920386
1520531878102720512.000000 5.438005447 -0.153680369 0.187314853 -0.032070227 0.995865345 -0.064831577 0.054959655
1520531878402729472.000000 5.453350544 -0.146981373 0.059025750 -0.009170017 0.998357773 -0.056469668 -0.002965715
1520531878752794880.000000 5.468544483 -0.176644519 -0.087378368 -0.007242352 0.993958056 -0.081854783 -0.072765127
1520531879053279488.000000 5.472032070 -0.170397252 -0.234043047 -0.009767289 0.986817956 -0.080505848 -0.140048876
1520531879304800000.000000 5.491282463 -0.186131895 -0.338988572 -0.044059630 0.968694806 -0.115291461 -0.215399727
1520531879554808064.000000 5.536430836 -0.202455819 -0.371678472 -0.040400229 0.936468899 -0.142104909 -0.318119496
1520531879754810368.000000 5.585303307 -0.203482792 -0.363238484 -0.034374043 0.895277381 -0.137886196 -0.422237247
1520531880054820352.000000 5.675325394 -0.192620754 -0.339662790 0.015466928 -0.802136362 0.148433670 0.578191519
1520531880503761664.000000 5.737240791 -0.193229303 -0.252724648 -0.018972358 -0.546511173 0.181038961 0.817429185
1520531880803347712.000000 5.680900574 -0.192364708 -0.199433580 -0.089275301 -0.267869830 0.233820438 0.930378258
1520531881253519872.000000 5.498172283 -0.170794562 -0.181742862 -0.047859251 0.046060041 0.138282925 0.988162816
1520531881455182592.000000 5.431934357 -0.161991984 -0.162613675 -0.037647143 0.120904669 0.082904831 0.988479435
1520531882007123712.000000 5.275366783 -0.161225796 -0.077773876 0.006652117 0.246758103 -0.049594890 0.967784345
1520531882356625408.000000 5.215370178 -0.185110301 -0.035707023 0.000582154 0.314028442 -0.084492348 0.945646226
1520531882706256384.000000 5.195324421 -0.203765750 0.041145593 -0.026521036 0.372224480 -0.169797063 0.912093461
1520531882956264448.000000 5.226302147 -0.189290419 0.170732901 -0.020785263 0.366780162 -0.152969465 0.917409718
1520531883155936768.000000 5.242958546 -0.182707265 0.268683255 0.007515089 0.333349317 -0.121117063 0.934961200
1520531883409389824.000000 5.251496315 -0.170572340 0.385026366 0.001735158 0.277706414 -0.104690365 0.954942942
1520531883559391744.000000 5.250286102 -0.163072348 0.447541624 -0.017501745 0.243647158 -0.081127673 0.966306388
1520531883861494528.000000 5.263610363 -0.145121485 0.576677978 0.004401079 0.185463756 -0.067229263 0.980338752
1520531884211714816.000000 5.288262844 -0.112594292 0.748312294 0.007415915 0.176301524 0.007989430 0.984275877
1520531884461722880.000000 5.259581089 -0.102081709 0.853813648 -0.006635707 0.254203200 0.057722952 0.965403914
1520531884811733760.000000 5.157969475 -0.093248852 0.971498489 -0.046938989 0.397538900 0.085324526 0.912403047
1520531885061740800.000000 5.064748287 -0.092247114 1.006872654 -0.071650676 0.526320398 0.062125273 0.844981313
1520531885511569664.000000 4.890491009 -0.083692007 0.983765602 -0.014533962 0.748816013 0.003400561 0.662609816
1520531886009553664.000000 4.649395943 -0.082278401 0.954006851 0.029879453 0.785299242 -0.027032657 0.617803752
1520531886459022080.000000 4.384221077 -0.073653594 0.965240300 0.050978452 0.759659410 -0.046869211 0.646623552
1520531886859121408.000000 4.145388603 -0.066187404 0.984640419 0.023683038 0.724108756 -0.047013212 0.687673867
1520531887159707136.000000 3.963780165 -0.075638853 1.026847720 -0.008441994 0.660559714 -0.032865651 0.750006318
1520531887409715200.000000 3.817246199 -0.058329936 1.059112430 -0.019435151 0.667137682 -0.045152888 0.743310690
1520531887860515584.000000 3.565119505 -0.057112753 1.078521132 -0.037927859 0.732601523 -0.027298991 0.679051757
1520531888160398592.000000 3.397923946 -0.060907885 1.067618370 -0.042937119 0.763797522 -0.013114346 0.643892646
1520531888410187776.000000 3.273634672 -0.055269074 1.035233736 -0.045144465 0.812903345 -0.028051926 0.579968333
1520531888709268992.000000 3.145806313 -0.058042593 0.970867932 -0.032867067 0.891357780 -0.040776581 0.450264692
1520531888959277056.000000 3.071164608 -0.055161085 0.888537943 -0.046184603 0.941869795 -0.033559915 0.331092089
1520531889257440768.000000 3.044740438 -0.066750191 0.781810164 -0.074974507 0.986773968 -0.066140480 0.127598435
1520531889605601536.000000 3.113686562 -0.080899186 0.745052695 -0.061961710 0.951103449 -0.137094215 -0.269755810
1520531890155666432.000000 3.197447538 -0.062704533 0.964930534 0.013766595 -0.668130279 0.070632398 0.740556180
1520531890609834752.000000 3.263153553 -0.062069327 1.113872409 -0.022508860 -0.515969753 0.005449498 0.856293678
1520531891861953792.000000 3.888308048 -0.056597501 0.999687374 -0.034323618 -0.788228929 -0.008935309 0.614359140
1520531892410085632.000000 4.201728821 -0.068060756 0.945146501 0.020300753 -0.774319947 0.069790430 0.628606200
1520531892960214528.000000 4.516625881 -0.068737216 1.031445026 0.038991399 -0.597637296 0.078437574 0.796967268
1520531893612007680.000000 4.717380524 -0.030950833 1.305906653 0.064338386 -0.254860431 0.036011893 0.964162767
1520531894262028800.000000 4.842115402 -0.030806115 1.621097922 0.024583874 -0.108807631 -0.055831276 0.992189169
1520531894762044672.000000 5.044388294 -0.035029311 1.825247526 -0.015151710 -0.314547092 -0.094512098 0.944403529
1520531895260156672.000000 5.331171989 -0.010560299 1.923573852 -0.012926141 -0.554167449 -0.073168017 0.829082489
1520531895659131904.000000 5.559728622 0.000545144 1.964574695 0.018567070 -0.632685184 -0.030006070 0.773604810
1520531896057458944.000000 5.803325176 -0.017704897 1.976986885 0.021094799 -0.711684704 -0.008367226 0.702132404
1520531896457469952.000000 6.037841797 -0.031990759 2.001519918 0.017155955 -0.683441997 -0.008978740 0.729747951
1520531896805993472.000000 6.258484364 -0.037878349 2.019141197 0.013096082 -0.685268342 0.057838954 0.725872219
1520531897104914944.000000 6.434396744 -0.033802431 2.014981270 0.030079581 -0.705272794 0.025048258 0.707854569
1520531897404435456.000000 6.617012501 -0.023773303 2.012732267 0.041878156 -0.694374561 0.030075721 0.717764318
1520531897604441344.000000 6.731052876 -0.023438741 2.018019676 0.050742127 -0.684801936 0.033783883 0.726175070
1520531897855042048.000000 6.887035847 -0.015387901 2.025458336 0.039722871 -0.701883614 0.040425528 0.710033298
1520531898055046912.000000 7.000621796 -0.025230044 2.024645090 0.039249774 -0.710002184 0.035701208 0.702197850
1520531898257046272.000000 7.122651100 -0.013329573 2.029309511 0.027420817 -0.705795884 0.024675930 0.707454145
1520531898508910848.000000 7.273636341 -0.023330178 2.035189152 0.039284218 -0.692470551 0.024045676 0.719974339
1520531898758918656.000000 7.421778202 -0.021249218 2.045727730 0.048746116 -0.681227446 0.043403871 0.729156435
1520531899108048384.000000 7.632601261 -0.033557575 2.054993868 0.027822547 -0.677257240 0.032933757 0.734482050
1520531899456676352.000000 7.831881523 -0.029930864 2.042311907 0.024698991 -0.658435822 0.040758505 0.751126468
1520531899805558784.000000 8.008056641 -0.031456076 2.015169859 0.022448115 -0.645860732 0.047255430 0.761660635
1520531900105567744.000000 8.142404556 -0.040579010 1.971284866 0.008978688 -0.667400181 0.049951810 0.742967784
1520531900404770048.000000 8.239788055 -0.052993100 1.924690962 0.013852479 -0.678940356 0.077702202 0.729938686
1520531900704564736.000000 8.301005363 -0.050667908 1.891305208 0.030193584 -0.664624155 0.064168431 0.743804753
1520531900954887168.000000 8.342817307 -0.051009964 1.872250438 0.016198780 -0.694401801 0.065817758 0.716387987
1520531901254958080.000000 8.370104790 -0.045342751 1.867518425 0.026300173 -0.693072438 0.046072442 0.718913198
1520531901855460608.000000 8.371273041 -0.053729825 1.847419262 0.025180085 -0.720147073 0.042886086 0.692036748
1520531902205607936.000000 8.369325638 -0.054613601 1.851222396 0.024638260 -0.727503896 0.033576474 0.684838355
1520531902605702144.000000 8.368993759 -0.049509782 1.856454730 0.014983680 -0.745656908 0.027633268 0.665588260
1520531903005783296.000000 8.372680664 -0.044060089 1.831529975 0.028419305 -0.774252832 0.025552126 0.631721437
1520531903455815168.000000 8.365681648 -0.047770079 1.804524899 0.029550578 -0.777111053 0.026062353 0.628128886
1520531903805827328.000000 8.356956482 -0.051671907 1.785628200 0.021306684 -0.791395962 0.013520101 0.610782802
1520531904205740544.000000 8.338661194 -0.041793413 1.717550516 0.001823490 0.914140999 0.001491158 -0.405389518
1520531904605498368.000000 8.532649040 -0.112652034 1.656528592 -0.016883878 0.968662977 0.019573810 -0.247029945
1520531904654769408.000000 8.532027245 -0.114972718 1.637266397 -0.018383678 0.971031308 0.017156994 -0.237625569
1520531904804773632.000000 8.537993431 -0.123227037 1.579029679 -0.012767762 0.976856589 -0.004683604 -0.213462606
1520531904904776448.000000 8.549121857 -0.126397133 1.546196103 -0.019567948 0.978083372 -0.008231064 -0.207128614
1520531905004780544.000000 8.565195084 -0.128950983 1.511465549 -0.018644542 0.980586171 -0.016563045 -0.194496349
1520531905104278016.000000 8.582841873 -0.131857634 1.472323775 -0.006865402 0.982896686 -0.022851503 -0.182605699
1520531905254283008.000000 8.606273651 -0.140812814 1.410127401 -0.009606155 0.986619174 -0.031423990 -0.159696102
1520531905404286976.000000 8.636343002 -0.163083017 1.342637300 0.001009705 0.991469204 -0.015657511 -0.129393622
1520531905553938176.000000 8.660350800 -0.173357472 1.271579146 0.011062304 0.994972944 0.015374636 -0.098336607
1520531905753944320.000000 8.698451996 -0.176125318 1.166031480 0.014417470 0.995529413 0.057701603 -0.073374629
1520531906004402432.000000 8.761041641 -0.216585338 1.034524202 -0.001309909 0.998532712 0.004149793 -0.053977352
1520531906254410496.000000 8.848440170 -0.236264050 0.926730275 -0.018881764 0.999667883 0.003820632 -0.017118184
1520531906454666496.000000 8.944085121 -0.258197159 0.851394236 -0.019143114 0.999696136 -0.015087711 -0.003685460
1520531906704346624.000000 9.081000328 -0.276508331 0.767292261 -0.047478355 0.996578336 -0.026265549 -0.062350281
1520531906954353664.000000 9.245528221 -0.273151547 0.687138557 -0.046871934 0.983435452 -0.061214998 -0.164044097
1520531907254076928.000000 9.432512283 -0.291028321 0.633428514 -0.034870408 0.954128861 -0.033136673 -0.295506537
1520531907554114048.000000 9.598711967 -0.289216608 0.546947181 -0.005834042 0.943223357 -0.035407078 -0.330215037
1520531907854124032.000000 9.708572388 -0.297926128 0.404303700 0.004983136 0.970899224 -0.004505866 -0.239394262
1520531908154077696.000000 9.798129082 -0.315767020 0.228727460 0.033732038 0.978520215 -0.025961358 -0.201708674
1520531908503945216.000000 9.876293182 -0.347687781 0.028837498 0.039588682 0.985939205 -0.052874278 -0.153495863
1520531908853764352.000000 9.897363663 -0.386999637 -0.195617616 0.019380581 0.997849643 -0.061727054 0.010498085
1520531909203798528.000000 9.848271370 -0.420337528 -0.393045396 0.006170587 0.979214668 -0.136219889 0.150149032
1520531909453806592.000000 9.763064384 -0.443619043 -0.451124907 -0.004360940 0.925529480 -0.132784218 0.354604781
1520531909703933440.000000 9.689958572 -0.450741529 -0.421111912 -0.035137072 0.801424325 -0.133101687 0.582038105
1520531910003852800.000000 9.662051201 -0.439808249 -0.296506375 -0.038006417 0.639890194 -0.098693624 0.761154115
1520531910303862784.000000 9.677618027 -0.416226745 -0.122116596 -0.030916894 0.475208849 -0.055244830 0.877592564
1520531910554199808.000000 9.696756363 -0.394694239 0.023962079 -0.017195441 0.298550576 -0.036535688 0.953539193
1520531910754207744.000000 9.727307320 -0.403570503 0.131213993 -0.038288705 0.148873001 -0.019748706 0.987917423
1520531911104172288.000000 9.810971260 -0.400447965 0.263402164 -0.033725366 -0.102029800 0.001796560 0.994207859
1520531911253876480.000000 9.860129356 -0.395956874 0.295591116 -0.053706668 -0.165315345 0.002014628 0.984775305
1520531911403881472.000000 9.907627106 -0.395390928 0.307823181 -0.063994661 -0.239178717 0.015586828 0.968739033
1520531911553885440.000000 9.951096535 -0.387843460 0.302091300 -0.046561901 -0.360597134 0.021093654 0.931319892
1520531911654033664.000000 9.970187187 -0.374580681 0.294436306 -0.028090801 -0.449792296 0.021398753 0.892434835
1520531911804038656.000000 9.978410721 -0.348598540 0.290322006 -0.013817580 -0.566823959 0.022240261 0.823422730
1520531911954044672.000000 9.972627640 -0.320096076 0.297755986 0.002255432 -0.662043035 0.007066740 0.749429107
1520531912154816256.000000 9.947031021 -0.271802276 0.322554678 0.043895163 -0.728078127 -0.063841395 0.681101859
1520531912405149952.000000 9.894035339 -0.207133517 0.349335909 0.130647033 -0.756642044 -0.171920016 0.617144763
1520531912955513088.000000 9.819948196 -0.278306246 0.421775401 0.038808856 -0.813813090 -0.065622166 0.576103985
1520531913405010432.000000 9.758866310 -0.415190816 0.490022570 -0.107265383 -0.810952485 0.159631431 0.552601159
1520531914054633728.000000 9.700823784 -0.302359104 0.549691975 0.039682548 -0.835065842 -0.058274109 0.545613885
1520531914555344896.000000 9.670701027 -0.205760524 0.553273439 0.083325945 -0.845614612 -0.162905291 0.501452446
1520531915055268352.000000 9.629275322 -0.318016142 0.467400670 0.005996451 0.966293693 -0.023237953 -0.256321251
1520531915604262656.000000 9.430695534 -0.389237702 0.472699076 0.038387738 0.989528596 -0.127322167 -0.056112397
1520531916054040320.000000 9.178316116 -0.305689901 0.552205920 0.032863192 0.988156080 -0.058413159 0.138041437
1520531916504452352.000000 8.933966637 -0.252829313 0.694061399 0.038970944 0.870070577 -0.045664478 0.489257783
1520531916954922240.000000 8.792739868 -0.230432451 0.904895008 0.061957508 0.673654795 -0.047879163 0.734886408
1520531917355820544.000000 8.700736046 -0.227531463 1.094054818 0.057786040 0.508819103 -0.035881646 0.858182013
1520531917555826432.000000 8.659498215 -0.222921073 1.181140542 0.043909032 0.424178988 -0.037711900 0.903726697
1520531918007020032.000000 8.580973625 -0.188991666 1.387615681 0.058167569 0.281037778 -0.027912138 0.957525551
1520531918406307584.000000 8.517971039 -0.155550957 1.601672769 0.039300386 0.171995237 -0.011622497 0.984244883
1520531918855601664.000000 8.539114952 -0.155473217 1.850275517 0.024470782 -0.075285956 -0.044481061 0.995868802
1520531919305146880.000000 8.756331444 -0.157622263 2.014264107 0.004669106 -0.416427851 -0.035588201 0.908459961
1520531919555846912.000000 8.891808510 -0.157007977 2.073162317 -0.004757459 -0.571683288 -0.009921110 0.820400596
1520531919807962112.000000 9.013356209 -0.188346609 2.107473135 -0.032051090 -0.668008208 -0.023573495 0.743089497
1520531919957967104.000000 9.089571953 -0.197421923 2.114328623 -0.015468751 -0.714162350 -0.008933799 0.699752152
1520531920209484544.000000 9.220683098 -0.208512053 2.156031132 -0.019750195 -0.714300156 0.003995806 0.699549317
1520531920359488512.000000 9.307493210 -0.201097846 2.192244530 -0.009832911 -0.709173083 -0.010371665 0.704889536
1520531920559495680.000000 9.439987183 -0.181716815 2.228120327 -0.005065178 -0.715659916 -0.001093183 0.698429644
1520531920710284032.000000 9.543408394 -0.174609214 2.243811131 0.003894423 -0.718116403 -0.000489219 0.695911944
1520531920910290176.000000 9.680253983 -0.158367723 2.245039225 0.036506806 -0.730394840 -0.028639276 0.681447268
1520531921059934976.000000 9.796325684 -0.137738883 2.240352869 0.049920108 -0.730271161 -0.027713373 0.680767238
1520531921209939968.000000 9.917932510 -0.141395360 2.241620541 0.041478116 -0.717434764 0.023336936 0.694998085
1520531921408444672.000000 10.060793877 -0.156559557 2.261142492 0.057660654 -0.682290256 0.039726302 0.727720499
1520531921608451840.000000 10.222708702 -0.157188520 2.285393476 0.034335848 -0.668209314 0.077563331 0.739121974
1520531921856714752.000000 10.411831856 -0.177348509 2.302220345 0.013604444 -0.686499000 0.056222547 0.724826217
1520531922106722816.000000 10.606381416 -0.173093379 2.313694239 0.005200912 -0.680958509 0.059971783 0.729843676
1520531922355662848.000000 10.789845467 -0.205064818 2.358705521 -0.007822596 -0.618408620 0.120291062 0.776556253
1520531922605670912.000000 10.960180283 -0.197006226 2.426444530 0.025954450 -0.549464822 0.167733014 0.818095565
1520531922905568768.000000 11.140882492 -0.199141100 2.521630049 0.036766384 -0.495207846 0.127633274 0.858561099
1520531923157318912.000000 11.269053459 -0.192558482 2.626172304 0.008120133 -0.384159923 0.130210102 0.914002478
1520531923407326976.000000 11.344386101 -0.208490044 2.738482475 -0.012203056 -0.235379875 0.181996718 0.954633236
1520531923608622336.000000 11.387682915 -0.206353694 2.837720633 -0.013009734 -0.137611270 0.199542463 0.970091045
1520531923808628224.000000 11.418737411 -0.203150377 2.942006111 -0.019309696 -0.074210882 0.210155234 0.974656165
1520531924107112448.000000 11.432436943 -0.191631913 3.110263586 -0.020306675 0.032917779 0.204960585 0.978005767
1520531924455547136.000000 11.410568237 -0.163622975 3.302724123 -0.025137089 0.169166416 0.186730459 0.967410266
1520531924804736768.000000 11.304841995 -0.095955700 3.464944839 0.000775792 0.297251016 0.146517843 0.943490207
1520531924954742784.000000 11.238337517 -0.074594311 3.512885094 0.013661999 0.357681721 0.116340563 0.926467478
1520531925254575616.000000 11.082651138 -0.044742946 3.577758789 0.046941977 0.489067227 0.044241350 0.869857669
1520531925404580864.000000 10.997137070 -0.070632674 3.597728014 0.039581116 0.554717243 0.011746044 0.831013918
1520531925604892672.000000 10.881429672 -0.148919225 3.623923540 -0.019200774 0.612287164 -0.063556254 0.787842810
1520531925804899840.000000 10.764908791 -0.235503554 3.662818909 -0.069896549 0.639449000 -0.129044309 0.754696667
1520531926004678656.000000 10.656655312 -0.316460609 3.732967615 -0.077427782 0.626326144 -0.118319534 0.766629636
1520531926254686720.000000 10.548055649 -0.383686453 3.856727839 -0.114870951 0.561488092 -0.134974241 0.808280766
1520531926454548992.000000 10.474600792 -0.377183735 3.980469227 -0.095524997 0.498491198 -0.121664129 0.852982640
1520531926654556160.000000 10.411657333 -0.330038846 4.115391254 -0.044879328 0.404413342 -0.074161693 0.910459042
1520531926855338496.000000 10.362273216 -0.237284198 4.244268894 0.004563470 0.309718668 -0.026811220 0.950439215
1520531927105415424.000000 10.349938393 -0.120057903 4.395880222 0.040088493 0.166325077 0.000767705 0.985255420
1520531927405412864.000000 10.442418098 -0.016679842 4.550053596 0.103989892 -0.034874611 0.019006474 0.993784964
1520531927655510016.000000 10.559843063 -0.025037000 4.662711143 0.085554451 -0.177283347 0.042859696 0.979496837
1520531927905519104.000000 10.686442375 -0.095113762 4.748485565 0.039998185 -0.328366786 0.038502567 0.942917228
1520531928056096768.000000 10.761674881 -0.147062108 4.781168938 -0.023190422 -0.415191650 0.047026765 0.908221662
1520531928256103680.000000 10.849699974 -0.229469448 4.790668964 -0.109603733 -0.518060803 0.082228541 0.844297647
1520531928404696320.000000 10.913081169 -0.266769707 4.774963856 -0.132550210 -0.581234038 0.079560459 0.798916519
1520531928554700288.000000 10.980221748 -0.270666897 4.753011703 -0.140918508 -0.634444356 0.045687344 0.758640230
1520531928754707200.000000 11.077616692 -0.235032573 4.707306385 -0.150212124 -0.713483512 0.023595143 0.683974266
1520531928954783232.000000 11.168307304 -0.153379858 4.642890930 -0.120774999 -0.801115930 -0.022445532 0.585766912
1520531929104788224.000000 11.223132133 -0.078099996 4.588297844 -0.084909312 -0.854484200 -0.048749797 0.510167241
1520531929256791552.000000 11.263484001 -0.009705176 4.530177116 0.074500322 0.897541821 0.077127002 -0.427691281
1520531929406796544.000000 11.281037331 0.052554447 4.462670326 0.047116254 0.934321404 0.100703456 -0.338647872
1520531929556801536.000000 11.273866653 0.108640991 4.377653122 -0.000718955 0.965519607 0.119555630 -0.231252626
1520531929756780032.000000 11.238075256 0.144902810 4.248404503 -0.095704466 0.983348787 0.116654105 -0.101280227
1520531930007136768.000000 11.129056931 0.093074210 4.085019588 -0.195867389 0.974892020 0.087005787 0.060427275
1520531930307145728.000000 10.983692169 -0.080707163 3.944537640 -0.368843913 0.894074142 0.034889877 0.251730561
1520531930657134080.000000 10.863089561 -0.268284380 3.878984451 -0.516268730 0.750822484 0.117658742 0.394827217
1520531931005743104.000000 10.753176689 -0.368432760 3.883554459 -0.533710003 0.571998239 0.306025267 0.542512834
1520531931455142656.000000 10.637544632 -0.377513915 3.946906805 -0.294268399 0.261772454 0.641504765 0.658295453
1520531931805683456.000000 10.553326607 -0.289642602 4.039731026 -0.044871543 0.122185096 0.768962502 0.625902534
1520531932255799296.000000 10.461966515 -0.153808013 4.225238800 0.141736761 0.055294294 0.683624983 0.713799775
1520531932705820928.000000 10.407628059 -0.030065978 4.431807518 0.341108471 -0.025576124 0.240610257 0.908348799
1520531933207927552.000000 10.504756927 -0.068377189 4.709943295 0.055014055 -0.234135583 -0.377753228 0.894123316
1520531933658988544.000000 10.804957390 -0.211869165 4.805761814 -0.345008373 -0.406453878 -0.527635813 0.661335707
1520531934055949312.000000 11.059556007 -0.221215248 4.663341045 0.560227990 0.605198443 0.372795731 -0.425326645
1520531934456691200.000000 11.174281120 -0.185283542 4.440633774 0.560286582 0.766261876 0.185138300 -0.254254848
1520531934806085888.000000 11.173672676 -0.119162917 4.245703697 0.358717978 0.927231610 0.074058227 -0.077964015
1520531935507641344.000000 11.019680977 -0.182985559 3.985077858 -0.280703276 0.959371388 -0.028484683 -0.000913267
1520531935907068672.000000 11.131989479 -0.221958920 3.778236151 -0.454677850 0.872728229 -0.045739472 -0.171817914
1520531936358878976.000000 11.334685326 -0.213633001 3.502681017 -0.208628401 0.927037656 -0.150769427 -0.272660911
1520531936709040384.000000 11.442850113 -0.213941202 3.269784689 0.028669342 0.970701158 -0.124329127 -0.203616217
1520531937107967744.000000 11.528486252 -0.187773421 3.000095367 0.090286687 0.978105545 -0.120781645 -0.143421322
1520531937907429376.000000 11.796935081 -0.207413003 2.600733042 0.034330074 0.928261042 -0.146805286 -0.340001673
1520531938208306176.000000 11.972471237 -0.201894537 2.508083105 0.018240506 0.865540624 -0.158258557 -0.474827260
1520531938607174912.000000 12.203295708 -0.201799840 2.444551229 0.025013130 -0.756689668 0.130656675 0.640096784
1520531938957184768.000000 12.380360603 -0.210889295 2.531006336 0.050817333 -0.471955448 0.176562652 0.862265229
1520531939305955840.000000 12.481943130 -0.200492263 2.694520235 0.019068575 -0.206120193 0.178985387 0.961829007
1520531939555461376.000000 12.491685867 -0.191662565 2.815278530 -0.011222795 -0.022821425 0.151875287 0.988072455
1520531940155195904.000000 12.433423996 -0.176850870 3.102019787 -0.019580767 0.273665488 0.020542279 0.961406171
1520531940505078784.000000 12.368155479 -0.190601408 3.300226212 -0.040125597 0.243731990 -0.044019703 0.968011856
1520531940655006976.000000 12.343047142 -0.188033521 3.394551516 -0.036724694 0.220024675 -0.074734569 0.971933722
1520531940855012864.000000 12.308998108 -0.188604325 3.523763895 -0.047058865 0.184520438 -0.088990793 0.977659583
1520531941055325696.000000 12.275002480 -0.196600959 3.648342609 -0.024442149 0.168024823 -0.092235312 0.981153846
1520531941255332608.000000 12.241651535 -0.182237685 3.780651331 -0.054074988 0.124961019 -0.081939764 0.987292528
1520531941455428352.000000 12.223757744 -0.187403351 3.910069704 -0.065601468 0.093019553 -0.049471207 0.992268324
1520531941655440384.000000 12.202877045 -0.182842270 4.035495281 -0.037528191 0.076477483 -0.028780343 0.995949030
1520531941905095168.000000 12.174622536 -0.176907435 4.199832439 -0.054956082 0.097712390 -0.033773389 0.993122101
1520531942105101312.000000 12.151051521 -0.176934734 4.318406582 -0.024500517 0.108972773 -0.035360482 0.993113458
1520531942354958848.000000 12.139239311 -0.161090687 4.484627724 -0.036907405 0.088980079 -0.024532899 0.995046973
1520531942604966656.000000 12.131470680 -0.168310419 4.644776344 -0.052591480 0.069207594 -0.024013309 0.995925605
1520531942854927360.000000 12.129072189 -0.157175705 4.807422161 -0.057640020 0.067509368 -0.037847314 0.995332956
1520531943105489152.000000 12.145547867 -0.163667396 4.954273224 -0.069504432 -0.017868640 -0.045165073 0.996398509
1520531943455500288.000000 12.243562698 -0.156515822 5.069689274 -0.046831720 -0.329711825 -0.013155421 0.942827582
1520531943706304256.000000 12.330682755 -0.171323866 5.023873806 -0.057478908 -0.622690380 0.013789336 0.780232489
1520531944005510912.000000 12.368703842 -0.196224868 4.838643074 -0.048965283 -0.853623927 0.060680933 0.515020728
1520531944255519744.000000 12.346720695 -0.186485916 4.656432152 0.020382399 0.944557548 -0.049934532 -0.323886067
1520531944805459456.000000 12.285054207 -0.191559657 4.280830383 -0.032529417 0.996066988 -0.082400419 0.001585547
1520531945155086080.000000 12.245812416 -0.201340064 4.067713737 -0.065208584 0.991083622 -0.116083153 0.005082535
1520531945704980736.000000 12.284934044 -0.219675973 3.759453773 -0.122792482 0.976322889 -0.111445136 -0.138908416
1520531945904987648.000000 12.343630791 -0.224207714 3.671348095 -0.126472071 0.957381904 -0.103854574 -0.237989470
1520531946305402880.000000 12.520912170 -0.190433249 3.552541494 -0.095387667 0.868662417 -0.080757223 -0.479379952
1520531946606747904.000000 12.672221184 -0.186949164 3.535740852 0.081531383 -0.755538285 0.069455355 0.646289825
1520531947007386880.000000 12.882398605 -0.212698609 3.525289059 0.043034490 -0.690464497 0.090835854 0.716348827
1520531947358185728.000000 13.076743126 -0.212761477 3.560368061 0.021432906 -0.593557537 0.094848260 0.798895419
1520531947757908736.000000 13.268895149 -0.237334892 3.683639050 0.027669920 -0.406042963 0.122349329 0.905203938
1520531948156917504.000000 13.342174530 -0.266239345 3.871352196 -0.014213747 -0.087137468 0.160302341 0.983111501
1520531948505799424.000000 13.292970657 -0.235175222 3.974565029 -0.002006724 0.365999907 0.140977830 0.919872463
1520531948855603968.000000 13.188172340 -0.221815467 3.898188591 0.020547288 0.735014617 0.036384128 0.676762521
1520531949355464960.000000 13.046318054 -0.231036887 3.660423279 0.131981894 0.855211675 -0.145035282 0.479748368
1520531950105446912.000000 12.690758705 -0.250509322 3.644607067 0.066121079 0.502364933 -0.140381470 0.850617766
1520531950505606144.000000 12.641071320 -0.229782030 3.810529470 -0.014623085 0.148441300 -0.028586360 0.988399804
1520531950955508480.000000 12.718514442 -0.234866664 3.873492718 -0.069206543 -0.209269881 0.059492864 0.973589838
1520531951405729280.000000 12.718524933 -0.219605044 3.717574596 -0.089643061 -0.572430432 0.055711467 0.813132048
1520531951956673536.000000 12.564396858 -0.174617454 3.427289724 -0.018644204 -0.784995615 0.009367264 0.619149864
1520531952457685760.000000 12.468475342 -0.181686670 3.166176319 -0.000729402 0.917478263 -0.003046291 -0.397773623
1520531952906558464.000000 12.487014771 -0.200167820 2.965170860 0.010693173 0.888898253 -0.001048677 -0.457978666
1520531953656481024.000000 12.650983810 -0.225659803 2.687519550 0.001381682 -0.799105704 -0.012793669 0.601052761
1520531954106271744.000000 12.796471596 -0.229703367 2.577632427 0.020212878 -0.693303168 -0.000892297 0.720361948
1520531954607204864.000000 13.004213333 -0.241733298 2.524990320 0.012057872 -0.564426541 0.017886871 0.825201392
1520531955058065664.000000 13.275522232 -0.227089927 2.486098289 0.006601568 -0.648852885 -0.005480476 0.760865510
1520531955558919168.000000 13.592440605 -0.238594413 2.524069786 -0.002560863 -0.608247042 -0.006094619 0.793720245
1520531955908672512.000000 13.819484711 -0.254790902 2.559278488 -0.000344835 -0.647326469 0.023660060 0.761845469
1520531956257844992.000000 14.067797661 -0.259313494 2.609799147 -0.034089696 -0.646747172 0.045908280 0.760557950
1520531956557798912.000000 14.263185501 -0.267958552 2.676398993 -0.028318467 -0.641878784 0.031238746 0.765646040
1520531956856794880.000000 14.470107079 -0.267968148 2.725621700 -0.005282990 -0.676182032 0.029938951 0.736107051
1520531957206292224.000000 14.704902649 -0.271635264 2.753392696 -0.060117010 -0.720399678 -0.032493249 0.690184355
1520531957556756224.000000 14.929188728 -0.285627156 2.735047102 -0.069871590 -0.784031153 -0.024126444 0.616304338
1520531957857722624.000000 15.097181320 -0.288142353 2.666704893 0.101438381 0.866268814 0.010059381 -0.489067882
1520531958306908416.000000 15.266619682 -0.292638123 2.491140127 0.102705635 0.947828233 0.020357728 -0.301095843
1520531958506914560.000000 15.322030067 -0.299845785 2.406004667 0.105621904 0.969452739 0.018196844 -0.220622525
1520531958855954176.000000 15.396064758 -0.301086724 2.228067398 0.054254968 0.990099311 -0.016408507 -0.128415272
1520531959205592576.000000 15.475643158 -0.316089571 2.050649405 -0.024011644 0.984603226 -0.009330602 -0.172895432
1520531959605464832.000000 15.654152870 -0.336076260 1.903484941 -0.066097923 0.900069118 -0.067694120 -0.425351769
1520531959805470720.000000 15.764352798 -0.333590567 1.863558054 0.061657440 -0.831449866 0.056627262 0.549256563
1520531960255578880.000000 16.007787704 -0.357263416 1.776334882 -0.040979877 -0.788524806 0.015374061 0.613443494
1520531960555588864.000000 16.168237686 -0.378631949 1.678960443 -0.131559655 -0.821725190 0.019776611 0.554137707
1520531960855616512.000000 16.302057266 -0.387997717 1.546914697 0.137825847 0.894508958 -0.042894136 -0.423105001
1520531961055622400.000000 16.372138977 -0.393476546 1.440970540 0.108132593 0.942073643 -0.060223244 -0.311733484
1520531961255813376.000000 16.423313141 -0.392704308 1.328372717 0.069091268 0.977655232 -0.029642196 -0.196310863
1520531961455820288.000000 16.475162506 -0.386158794 1.211167932 0.066626616 0.986478627 -0.048841026 -0.141546443
1520531961655649024.000000 16.517776489 -0.391322106 1.098933935 0.044933971 0.993063033 -0.047054093 -0.097942047
1520531961855654912.000000 16.553043365 -0.386872917 0.983050168 0.024798181 0.996679664 -0.038991220 -0.067039691
1520531962055486976.000000 16.589773178 -0.390354037 0.862248719 0.020702267 0.996704280 -0.058818523 -0.051887948
1520531962305480960.000000 16.622694016 -0.397730500 0.717341304 -0.044213962 0.997008979 -0.039580125 -0.049513422
1520531962505488128.000000 16.667203903 -0.395946562 0.598026156 -0.072378308 0.989387691 -0.066664018 -0.106907733
1520531962756485888.000000 16.750837326 -0.418057054 0.478291780 -0.120023251 0.962022185 -0.101997346 -0.222944587
1520531963006400000.000000 16.870485306 -0.423925430 0.396544784 -0.137516320 0.916657090 -0.119767375 -0.355646998
1520531963256996352.000000 17.006809235 -0.448828965 0.368315458 -0.125136763 0.845271468 -0.161447063 -0.493752807
1520531963556044288.000000 17.164075851 -0.445236444 0.397981167 0.076941617 -0.698425531 0.165440455 0.692034125
1520531963806052096.000000 17.244745255 -0.439887792 0.478012651 0.039724831 -0.522085071 0.137177527 0.840851605
1520531964205733632.000000 17.270814896 -0.443458170 0.645404756 -0.017316468 -0.229840890 0.117199294 0.965990484
1520531964455819520.000000 17.228321075 -0.445663303 0.722801328 -0.035469670 -0.017842086 0.115014888 0.992569983
1520531964705827584.000000 17.148406982 -0.427822977 0.743032575 -0.058215935 0.231923670 0.097824469 0.966050029
1520531964955845376.000000 17.063169479 -0.405514807 0.704091728 -0.043079570 0.424827605 0.097507715 0.898976028
1520531965305923584.000000 16.936517715 -0.402964830 0.581853271 -0.011686977 0.616417706 0.027886150 0.786838651
1520531965605961472.000000 16.823343277 -0.406039268 0.498206735 0.011730798 0.695903003 -0.035842128 0.717144847
1520531966106031872.000000 16.614160538 -0.424285442 0.500653088 0.039771955 0.624645472 -0.100055210 0.773450136
1520531966405907456.000000 16.523519516 -0.417527467 0.620753706 -0.022904109 0.435296118 -0.109713413 0.893283606
1520531966705917440.000000 16.497776031 -0.388061613 0.773192286 0.024333961 0.281420916 -0.027326301 0.958886564
1520531966955811328.000000 16.486076355 -0.383507311 0.905709565 0.010138791 0.215255648 0.020353515 0.976292968
1520531967255718144.000000 16.454605103 -0.378648341 1.064447165 0.004919699 0.182272702 0.016141612 0.983103216
1520531967605625088.000000 16.415882111 -0.378208756 1.256181479 0.018981654 0.105438806 0.032846883 0.993701875
1520531967955601152.000000 16.349044800 -0.373507202 1.434733987 -0.030612379 0.172942027 0.041863993 0.983565629
1520531968205631232.000000 16.271743774 -0.372969896 1.533663869 -0.028825302 0.298600048 0.063870803 0.951802313
1520531968455944960.000000 16.175670624 -0.360631049 1.631642461 -0.061833829 0.388078421 0.093440510 0.914789915
1520531968705953024.000000 16.066949844 -0.364407927 1.705760360 -0.086734287 0.480818808 0.100570276 0.866704106
1520531969006065920.000000 15.922100067 -0.352549672 1.751246452 -0.122313477 0.616676927 0.076421916 0.773891926
1520531969305882112.000000 15.782526970 -0.350712955 1.731607080 -0.136048824 0.758463740 0.040172487 0.636089385
1520531969755935488.000000 15.580936432 -0.355432183 1.645215988 -0.144339219 0.873489499 0.013957218 0.464744538
1520531970206204416.000000 15.476206779 -0.356439590 1.506868243 -0.099134609 0.976831973 -0.034317981 0.186531112
1520531970656386048.000000 15.399791718 -0.359505236 1.328963041 -0.094273940 0.992185891 -0.045286503 0.068034597
1520531971106219520.000000 15.367995262 -0.359181672 1.116111040 -0.048209954 0.996878266 -0.053192403 -0.032865155
1520531971556018432.000000 15.411371231 -0.369094759 0.907875597 -0.061408743 0.975364983 -0.072384059 -0.199129879
1520531972205878528.000000 15.561118126 -0.367939353 0.848656178 0.042300627 -0.710052133 0.125777930 0.691532016
1520531972806079488.000000 15.455041885 -0.348623127 1.039244056 0.036572732 -0.208099574 0.024235032 0.977123141
1520531973255907840.000000 15.364785194 -0.341680467 1.218836308 -0.011157488 -0.031098796 -0.041752215 0.998581529
1520531973756001280.000000 15.323266983 -0.367614925 1.460603118 -0.056548014 0.033766791 -0.082925685 0.994376898
1520531974206817280.000000 15.338405609 -0.366692156 1.702713370 -0.053148221 -0.035862204 -0.047135346 0.996828675
1520531974607840512.000000 15.357431412 -0.357752115 1.939314604 -0.038957540 -0.021172827 -0.034936991 0.998405457
1520531974857847552.000000 15.355169296 -0.338418156 2.087777138 -0.053086240 -0.002476994 -0.029670119 0.998145998
1520531975557843200.000000 15.505264282 -0.322649062 2.485616684 -0.064910784 -0.142118752 -0.071596690 0.985120714
1520531976009390336.000000 15.727895737 -0.302457243 2.680438757 -0.063372336 -0.325251400 -0.069588557 0.940931916
1520531976409062656.000000 15.992547035 -0.313109875 2.745050907 -0.058676187 -0.559167445 -0.042263146 0.825895071
1520531976857530624.000000 16.272083282 -0.319797993 2.781805038 -0.028457627 -0.618901193 -0.027081830 0.784485877
1520531977256884480.000000 16.510519028 -0.336600989 2.816632986 -0.028619658 -0.626860797 0.048533924 0.777091265
1520531977656910336.000000 16.632835388 -0.356151581 2.874693632 -0.059797611 -0.542363107 0.099868305 0.832041383
1520531978357228544.000000 16.588521957 -0.309838831 2.935990334 -0.021738507 -0.774536252 0.033870041 0.631247878
1520531978957247232.000000 16.473834991 -0.286463201 2.965213299 -0.038847089 0.906635702 -0.034748744 -0.418682665
1520531979506880256.000000 16.456642151 -0.296324104 2.980677605 0.015951188 0.955138326 -0.116381124 -0.271867216
1520531980006507008.000000 16.393648148 -0.324761003 2.988776684 0.010611421 0.979522347 -0.127444074 -0.155503526
1520531980356571392.000000 16.354488373 -0.329163820 3.013473988 0.016007995 0.987850666 -0.107935108 -0.110656500
1520531980806664448.000000 16.342733383 -0.324487150 3.056615114 0.012008280 0.992832005 -0.113608234 -0.035121486
1520531981256828160.000000 16.335922241 -0.312971652 3.096318722 0.015951021 0.986953557 -0.097674690 0.126995459
1520531981657245440.000000 16.321678162 -0.306845427 3.111292362 -0.001441507 0.968297780 -0.124073647 0.216801807
1520531982207396096.000000 16.307806015 -0.302436411 3.129829884 -0.002089219 0.976765513 -0.122193635 0.176049680
1520531982707321088.000000 16.293365479 -0.300638288 3.265897512 -0.023651766 0.990559399 -0.101120971 0.089483194
1520531983107107072.000000 16.301328659 -0.287042856 3.404728174 -0.045937382 0.996647537 -0.055434801 0.038864564
1520531983507165952.000000 16.334344864 -0.290448964 3.542073488 -0.031641942 0.997319579 -0.063809678 0.016757278
1520531983907235584.000000 16.336044312 -0.266682714 3.647976398 -0.056889225 0.991334081 -0.066251762 -0.098137967
1520531984257316608.000000 16.320800781 -0.249765009 3.744317055 -0.070437960 0.981391072 -0.038820606 -0.174364492
1520531984607296768.000000 16.357275009 -0.245964989 3.861980915 -0.071306646 0.952523112 -0.033733897 -0.294069976
1520531985007065088.000000 16.432294846 -0.253085554 3.997408628 -0.053907290 0.877277792 -0.042829160 -0.475019366
1520531985306559744.000000 16.529245377 -0.278227121 4.052249908 -0.011820590 -0.788475692 0.113245890 0.604435027
1520531985556567808.000000 16.623155594 -0.331336349 4.086909294 -0.115781911 -0.690584004 0.177119762 0.691604555
1520531985756104448.000000 16.686960220 -0.358171046 4.117027760 -0.188490152 -0.594461024 0.181757048 0.760297298
1520531985956110336.000000 16.751150131 -0.355102777 4.151440620 -0.207611308 -0.471279144 0.160024479 0.842131615
1520531986105915648.000000 16.796800613 -0.344784081 4.179686546 -0.171798348 -0.369336426 0.117443025 0.905694783
1520531986305921792.000000 16.854501724 -0.319720447 4.207065582 -0.094827510 -0.251426816 0.027455054 0.962828398
1520531986556158720.000000 16.936958313 -0.271150410 4.224599361 0.040890776 -0.120997764 -0.046001535 0.990742803
1520531986706163712.000000 17.002418518 -0.245620996 4.225107670 0.118332207 -0.074304335 -0.037060965 0.989496231
1520531986906481664.000000 17.097320557 -0.225101173 4.234165192 0.200714394 -0.054012667 0.063025616 0.976127088
1520531987056486656.000000 17.158641815 -0.224897951 4.261065483 0.211849093 -0.050842397 0.130108759 0.967267632
1520531987256677376.000000 17.215330124 -0.257494807 4.315010548 0.121262729 -0.053923614 0.221081302 0.966183543
1520531987456683264.000000 17.225116730 -0.312622428 4.354761124 0.000567976 -0.023932789 0.262539923 0.964624107
1520531987706469632.000000 17.167064667 -0.360435039 4.357030869 -0.167911783 0.115292959 0.226077959 0.952576458
1520531988056446720.000000 17.043264389 -0.313122541 4.259568214 -0.118267097 0.345496833 0.135974213 0.920953751
1520531988306454784.000000 16.937622070 -0.270939022 4.149734497 -0.060111377 0.461800784 0.085960194 0.880759597
1520531988556514048.000000 16.830814362 -0.248504370 4.035540104 -0.013777333 0.533527076 0.028165646 0.845201612
1520531988856523008.000000 16.699062347 -0.243588239 3.931180000 0.033710606 0.604409337 -0.040951528 0.794906259
1520531989206512128.000000 16.529685974 -0.294559956 3.891086578 -0.000797175 0.601886809 -0.150724277 0.784228146
1520531989506427392.000000 16.371452332 -0.332438141 3.904653311 -0.042404812 0.567232788 -0.206722334 0.796061993
1520531989806254080.000000 16.224939346 -0.360519499 3.974747658 -0.071132675 0.472891331 -0.232766420 0.846837461
1520531990106455808.000000 16.115671158 -0.349358886 4.097252846 -0.081492364 0.365436882 -0.242198884 0.895072401
1520531990406464768.000000 16.062576294 -0.317469537 4.239609718 -0.090884924 0.203447849 -0.184044093 0.957327902
1520531990756747008.000000 16.115606308 -0.269493431 4.381362915 -0.072796717 -0.010602744 -0.073033996 0.994612634
1520531991056418048.000000 16.231117249 -0.309823453 4.409054279 -0.091678262 -0.142629907 -0.000576872 0.985520899
1520531992106600448.000000 16.533864975 -0.349527776 4.092975616 -0.044453092 -0.348113507 0.015308575 0.936272681
1520531992706513920.000000 16.706689835 -0.326719165 4.005724430 0.042134505 -0.699165404 0.130103379 0.701758862
1520531993206358016.000000 16.875680923 -0.402252972 4.048196316 0.105151579 -0.614272177 0.386150748 0.680073798
1520531993606262784.000000 16.984392166 -0.361891478 4.161529541 0.130939618 -0.358454764 0.422214061 0.822253168
1520531994156594176.000000 16.921295166 -0.229267687 4.293515682 0.067612641 0.171140552 0.279816926 0.942253649
1520531994656850432.000000 16.744329453 -0.160695434 4.132666588 0.078029446 0.644935787 0.105621308 0.752870083
1520531995107233536.000000 16.633993149 -0.179301307 3.900035143 0.063917518 0.810099363 -0.003740005 0.582786083
1520531995607441408.000000 16.519332886 -0.171197712 3.741752386 0.046263542 0.890936673 -0.004294638 0.451744527
1520531996108049664.000000 16.408546448 -0.177427217 3.599746943 0.004247962 0.963857830 -0.018553127 0.265736371
1520531996608518144.000000 16.328081131 -0.191070348 3.412813187 0.000700921 0.992041111 -0.017955890 0.124625593
1520531997407908608.000000 16.371797562 -0.239068538 3.041063309 -0.025822373 0.970972717 -0.039493836 -0.234489754
1520531998007585280.000000 16.645189285 -0.254215747 2.855231285 -0.022696884 0.867163420 -0.022375168 -0.497002870
1520531998558734336.000000 16.969209671 -0.272825211 2.829960108 0.019987928 -0.718740940 0.032200646 0.694244266
1520531999110093056.000000 17.311721802 -0.293676466 2.838350058 -0.016107593 -0.658581674 0.026685437 0.751863480
1520531999659527168.000000 17.662324905 -0.305802822 2.897357702 -0.019213691 -0.633323431 0.023871908 0.773280263
1520532000008646144.000000 17.891052246 -0.304407328 2.925280809 -0.009344814 -0.660632253 0.004705755 0.750636816
1520532000308655104.000000 18.081050873 -0.320235699 2.964311123 -0.020924538 -0.634096026 -0.018016109 0.772761166
1520532000658013696.000000 18.316316605 -0.308292836 2.993664026 -0.022863895 -0.660373509 0.006205339 0.750563502
1520532001057961984.000000 18.584497452 -0.318792999 2.974861383 -0.011732774 -0.722977459 -0.002542194 0.690767348
1520532001409344768.000000 18.818149567 -0.333884299 2.953680754 0.017207528 -0.713204324 -0.024136057 0.700329185
1520532001760649216.000000 19.058034897 -0.327690393 2.928348541 0.044949979 -0.722901225 0.008114040 0.689440012
1520532002210125056.000000 19.360607147 -0.352102220 2.896595240 0.035867933 -0.703115165 0.064291850 0.707254648
1520532002559644416.000000 19.577018738 -0.370095700 2.930154085 0.060130496 -0.588250220 0.119599395 0.797522366
1520532002808612352.000000 19.722587585 -0.362259746 2.985545397 0.065013051 -0.511733353 0.153000578 0.842907548
1520532003058620160.000000 19.832778931 -0.362631857 3.069672346 0.071541637 -0.414206684 0.156340525 0.893796563
1520532003357736192.000000 19.935182571 -0.342606515 3.197386265 0.065283254 -0.264411628 0.137698844 0.952293873
1520532003557741312.000000 19.970529556 -0.348153144 3.292934179 0.039164398 -0.155417457 0.131073654 0.978330851
1520532003757369344.000000 19.999954224 -0.335700661 3.395840168 0.037616797 -0.081643924 0.119775578 0.988722920
1520532003957376512.000000 20.021331787 -0.335749447 3.507418871 0.026642194 -0.065622643 0.100241311 0.992439210
1520532004257083136.000000 20.034761429 -0.331942230 3.666929722 0.018023975 0.000241144 0.075834140 0.996957481
1520532004406874368.000000 20.032386780 -0.326665968 3.752677917 0.024969114 0.046171591 0.059944764 0.996820629
1520532004606881536.000000 20.013769150 -0.337628990 3.862175703 0.024588056 0.114023529 0.034506559 0.992574096
1520532004806887424.000000 19.983980179 -0.340094298 3.971809387 0.004221627 0.156742558 0.025024559 0.987313390
1520532005007111424.000000 19.949670792 -0.346213847 4.089920998 -0.016533144 0.164074212 0.019181499 0.986122906
1520532005207049472.000000 19.913219452 -0.356088907 4.199711800 -0.012254347 0.158286944 0.010141625 0.987265050
1520532005407420416.000000 19.875129700 -0.357758284 4.318303585 -0.048844013 0.155552298 -0.013072236 0.986532748
1520532005607426304.000000 19.846384048 -0.373939127 4.443374157 -0.090693779 0.142802730 -0.017666280 0.985428810
1520532005857272832.000000 19.820034027 -0.400121957 4.568913460 -0.098568253 0.144765094 -0.018286647 0.984374404
1520532006107007488.000000 19.829133987 -0.405913174 4.656912327 -0.128093302 0.122364722 -0.017147789 0.984035015
1520532006506837504.000000 19.930004120 -0.402443111 4.646655560 -0.093886845 -0.155132920 -0.021053769 0.983196735
1520532006856848640.000000 20.027149200 -0.407306999 4.504865170 -0.093032055 -0.445728093 0.011912733 0.890241325
1520532007156877824.000000 20.102701187 -0.419317335 4.377838612 -0.107470706 -0.610218346 0.060791314 0.782552242
1520532007506914816.000000 20.238769531 -0.414829105 4.270404339 -0.059548948 -0.690023839 0.139936313 0.707629025
1520532008006839552.000000 20.484043121 -0.421528012 4.208608150 -0.023759814 -0.690129399 0.198719189 0.695462108
1520532008356736768.000000 20.665464401 -0.436801404 4.213970184 -0.059047103 -0.640692055 0.178658053 0.744384587
1520532008706687232.000000 20.850893021 -0.428063929 4.252525330 -0.063802287 -0.572340786 0.176479727 0.798254490
1520532009056809728.000000 20.975730896 -0.441195756 4.343953609 -0.092212223 -0.413838238 0.172902927 0.889010370
1520532009407022592.000000 21.007469177 -0.440646440 4.457546234 -0.149555132 -0.127428159 0.163807943 0.966727614
1520532009757091584.000000 20.921712875 -0.436644405 4.523668766 -0.192704156 0.164700940 0.126024634 0.959091485
1520532010156968448.000000 20.779642105 -0.430350721 4.475615501 -0.210211560 0.530476630 0.023654290 0.820881307
1520532010506979584.000000 20.697996140 -0.401241750 4.355722904 -0.155394658 0.761650980 -0.037788332 0.627942920
1520532011006992384.000000 20.545890808 -0.400604427 4.194198132 -0.058141682 0.844274938 -0.121181525 0.518781722
1520532011307001344.000000 20.422006607 -0.383699477 4.107681274 -0.071020015 0.898205996 -0.093673080 0.423565209
1520532011557083392.000000 20.324333191 -0.393796772 4.017760754 -0.070146471 0.942728877 -0.072116092 0.318026781
1520532011807765248.000000 20.238988876 -0.377877980 3.902502060 -0.095200486 0.968023419 -0.059692416 0.224286333
1520532012007771136.000000 20.186389923 -0.385982186 3.800223589 -0.075176142 0.979701519 -0.083083160 0.166224793
1520532012157776128.000000 20.158304214 -0.390219659 3.728678465 -0.055597909 0.987604141 -0.087127440 0.118134730
1520532012408099072.000000 20.113639832 -0.386422783 3.605601072 -0.014673213 0.993839681 -0.105407357 0.030930858
1520532012607727872.000000 20.082231522 -0.402913481 3.511265516 0.040044941 0.993179142 -0.108453371 0.015147859
1520532012907736832.000000 20.016305923 -0.393345177 3.356960058 0.125565410 0.981147528 -0.089279689 0.116670460
1520532013107925504.000000 19.929227829 -0.398006648 3.267505646 0.151396945 0.940896153 -0.122864656 0.276943445
1520532013307931648.000000 19.812116623 -0.397990435 3.213852882 0.147331238 0.872292042 -0.128517419 0.448200136
1520532013509790464.000000 19.686071396 -0.387907296 3.180629015 0.129101440 0.784794688 -0.172110900 0.581212461
1520532013759798272.000000 19.552074432 -0.389374733 3.162586451 0.065685265 0.720223069 -0.162959307 0.671124756
1520532013959946752.000000 19.446683884 -0.384667665 3.140106201 -0.026825523 0.720004380 -0.121645883 0.682697892
1520532014159952640.000000 19.350759506 -0.394704461 3.090141296 -0.113859735 0.756419241 -0.099781267 0.636325061
1520532014359239168.000000 19.274833679 -0.407434434 3.016247272 -0.165707678 0.811121404 -0.075819664 0.555764735
1520532014609247232.000000 19.206405640 -0.396481901 2.894293308 -0.185714275 0.906762123 -0.079597518 0.370076895
1520532014857927936.000000 19.184419632 -0.394439250 2.781046391 -0.117309310 0.973859489 -0.074345119 0.179747194
1520532015107453696.000000 19.181989670 -0.381782293 2.672761917 -0.064779826 0.996430576 -0.050403263 0.019726632
1520532015407463680.000000 19.168787003 -0.390007585 2.531915426 -0.014980179 0.997841895 -0.057087556 -0.028778622
1520532015607272960.000000 19.161546707 -0.394393057 2.435089111 0.021642830 0.996527433 -0.063762501 -0.048979547
1520532015807278848.000000 19.152469635 -0.393603116 2.330318928 0.036532640 0.993307054 -0.081251808 -0.073516250
1520532016057011968.000000 19.151605606 -0.405230194 2.202632666 0.039507549 0.991356194 -0.079440251 -0.096650243
1520532016306941440.000000 19.158449173 -0.396961689 2.067296267 0.018175820 0.992445648 -0.081783265 -0.089626111
1520532016606947584.000000 19.170545578 -0.435784340 1.919466138 0.049357526 0.992207348 -0.089981206 -0.070652567
1520532016857156864.000000 19.155858994 -0.445807070 1.794026852 0.043988634 0.994143784 -0.092004508 -0.035754196
1520532017157460224.000000 19.129878998 -0.467764795 1.668403387 0.030423867 0.993152618 -0.109563127 -0.026799630
1520532017457470208.000000 19.089391708 -0.463477403 1.577544212 0.003297347 0.991638422 -0.104910389 -0.075074345
1520532017757330688.000000 19.034442902 -0.463689387 1.543188691 -0.020540673 0.972124398 -0.096239090 -0.212815166
1520532018057272576.000000 18.956592560 -0.454795599 1.561998963 -0.017186757 0.915372431 -0.103059322 -0.388814509
1520532018357334784.000000 18.838809967 -0.449566483 1.615496039 -0.012647859 -0.850813210 0.087438494 0.517987847
1520532018657343744.000000 18.708803177 -0.439753711 1.673095822 -0.025576107 -0.763477981 0.063179687 0.642227054
1520532018957170688.000000 18.575531006 -0.429046959 1.709084392 -0.006346043 -0.661222875 0.019521249 0.749908626
1520532019207224064.000000 18.468982697 -0.426771134 1.706210136 -0.016482996 -0.535673082 0.028177878 0.843794227
1520532019557448960.000000 18.303529739 -0.413427830 1.723073602 0.040298548 -0.312850475 -0.003188694 0.948941767
1520532019757455104.000000 18.236270905 -0.424423486 1.736149669 0.024493897 -0.196101382 -0.013986534 0.980177879
1520532020707537152.000000 18.499406815 -0.518325329 1.835734487 -0.172170132 -0.499410391 -0.067383572 0.846407831
1520532021807257856.000000 19.004871368 -0.463925660 1.617504597 0.022339284 0.900085092 -0.040944669 -0.433210433
1520532022207500288.000000 19.062105179 -0.488728553 1.473676085 -0.010586513 0.987801909 -0.060847942 -0.142943561
1520532022657404928.000000 19.013973236 -0.534030795 1.417656302 -0.033353209 0.979457259 -0.102396071 0.170487836
1520532023057312256.000000 18.940782547 -0.543572366 1.559399962 -0.059164632 0.831788719 -0.089831948 0.544570684
1520532023507271424.000000 18.935966492 -0.529676139 1.830836892 -0.114306867 0.548003793 -0.053656507 0.826889813
1520532023857139456.000000 18.981445312 -0.507064342 1.998349547 -0.108511947 0.416701287 -0.018020539 0.902363837
1520532024157368832.000000 19.023273468 -0.493249178 2.091966867 -0.057610143 0.375655144 0.002180763 0.924964607
1520532024458037248.000000 19.083847046 -0.469246954 2.195792913 -0.021931063 0.344195515 0.012201834 0.938562512
1520532024858846464.000000 19.151939392 -0.456501961 2.381194592 -0.066866398 0.193976998 -0.003965666 0.978716552
1520532025559269632.000000 19.141126633 -0.415594637 2.749861717 -0.092828132 0.092784442 0.101174630 0.986173272
1520532026009612544.000000 18.937736511 -0.412047923 2.913925409 -0.156197250 0.420264184 0.143120483 0.882324755
1520532026358555136.000000 18.720745087 -0.398604780 2.971826553 -0.150835395 0.578330755 0.115227960 0.793413341
1520532026708175104.000000 18.497772217 -0.375317425 2.995411396 -0.103096657 0.696218789 0.026024895 0.709910691
1520532027008966656.000000 18.316064835 -0.370238274 2.976323605 -0.051995136 0.770546198 -0.020108389 0.634941518
1520532027310477312.000000 18.117706299 -0.363075435 2.950315714 -0.060167097 0.766460180 -0.081686154 0.634228706
1520532027660490240.000000 17.888545990 -0.359467775 2.941683531 -0.039803356 0.741464853 -0.101422250 0.662086904
1520532028010494464.000000 17.652450562 -0.351383269 2.904684067 -0.047495373 0.764045238 -0.078993067 0.638544500
1520532028309746176.000000 17.444086075 -0.331935585 2.867192507 -0.063386440 0.770054400 -0.078043878 0.630005956
1520532028608829952.000000 17.229635239 -0.340923488 2.863005161 -0.056691185 0.719243944 -0.075085111 0.688357770
1520532028858837760.000000 17.052715302 -0.337613404 2.845310926 -0.041208580 0.734594584 -0.086170986 0.671749353
1520532029108166400.000000 16.884948730 -0.341210246 2.814077377 -0.036329027 0.756431222 -0.082004026 0.647894561
1520532029358179328.000000 16.703050613 -0.331384212 2.786570311 -0.036166899 0.746912003 -0.100397870 0.656303763
1520532029608186112.000000 16.525709152 -0.334014744 2.781989574 -0.007030774 0.717834294 -0.087597117 0.690645516
1520532029859327744.000000 16.342845917 -0.317584544 2.773442030 -0.011510846 0.733055234 -0.069389880 0.676522374
1520532030059333632.000000 16.204500198 -0.324736238 2.754292727 0.013036254 0.753303468 -0.054403491 0.655289412
1520532030260905728.000000 16.051479340 -0.306330413 2.738392353 -0.023017230 0.757196188 -0.057580553 0.650237381
1520532030510913792.000000 15.862114906 -0.321820498 2.728552103 -0.012674515 0.727047265 -0.076913431 0.682148039
1520532030710755072.000000 15.714013100 -0.311373740 2.724063635 -0.016040623 0.717006803 -0.080857776 0.692174792
1520532030960763136.000000 15.536463737 -0.307380766 2.703507662 -0.000673088 0.745971322 -0.057398707 0.663499594
1520532031259545344.000000 15.326952934 -0.285323739 2.674561739 -0.001197397 0.773239255 -0.024246624 0.633649528
1520532031508710912.000000 15.143507957 -0.292264760 2.664700985 0.004819650 0.751215219 -0.013625468 0.659899116
1520532031758717952.000000 14.954487801 -0.285158873 2.658991337 0.007133996 0.733578205 -0.036265373 0.678599298
1520532032058714112.000000 14.738363266 -0.295540899 2.633756876 0.012142734 0.752682328 -0.035710555 0.657302499
1520532032309758720.000000 14.554305077 -0.279904842 2.606735706 -0.022815173 0.761401176 -0.046931937 0.646177351
1520532032609766656.000000 14.334254265 -0.294657677 2.580492258 -0.014164504 0.739390373 -0.038479961 0.672027230
1520532032861184000.000000 14.137453079 -0.280051053 2.553558111 -0.014647237 0.743536711 -0.063592643 0.665503323
1520532033210992384.000000 13.885698318 -0.280668378 2.511844873 -0.002097412 0.772265911 -0.041544303 0.633936167
1520532033460022528.000000 13.696659088 -0.272072911 2.483064651 -0.007242111 0.769682288 -0.042804301 0.636949360
1520532033760032512.000000 13.473999023 -0.277356207 2.462416410 -0.003698630 0.747818947 -0.050901596 0.661938190
1520532033959027712.000000 13.324768066 -0.267893285 2.445621967 -0.024660010 0.766904294 -0.059840038 0.638489544
1520532034159033600.000000 13.187911034 -0.271162868 2.417259455 0.001510464 0.784484625 -0.033831749 0.619222939
1520532034408658944.000000 13.004795074 -0.247512951 2.376122952 -0.010708825 0.790102780 -0.045482453 0.611190856
1520532034658667008.000000 12.819505692 -0.260430098 2.342478752 0.019498289 0.757931948 -0.063680582 0.648925066
1520532034859709184.000000 12.669565201 -0.251871347 2.319393873 0.034859005 0.751517117 -0.109143041 0.649688125
1520532035111955712.000000 12.489117622 -0.247411147 2.295729876 0.079613663 0.754763365 -0.085778169 0.645473540
1520532035411965952.000000 12.261301994 -0.234509557 2.282369137 0.075250022 0.712630033 -0.118777022 0.687304795
1520532035712275968.000000 12.046867371 -0.229241386 2.306590080 0.103205837 0.615215182 -0.130362213 0.770626009
1520532036011276800.000000 11.849237442 -0.216944560 2.378853321 0.118096910 0.524648488 -0.195203662 0.820178390
1520532036261284864.000000 11.705370903 -0.206349432 2.466934204 0.139208555 0.448883146 -0.199266732 0.859893978
1520532036510659072.000000 11.581045151 -0.173225150 2.586344004 0.134909421 0.352018505 -0.212460473 0.901522577
1520532036761311744.000000 11.503127098 -0.144914404 2.738066435 0.144981697 0.217197195 -0.166384920 0.950853169
1520532036961318912.000000 11.471868515 -0.105309881 2.873475552 0.128213495 0.119100809 -0.143406272 0.974069238
1520532037410028288.000000 11.490001678 -0.071528785 3.199812174 0.097946711 -0.030926583 0.010463893 0.994655967
1520532038108779008.000000 11.528366089 -0.219335064 3.698159933 -0.073294118 0.010050505 0.387828231 0.918757975
1520532038909303040.000000 11.266854286 0.010010739 4.147160530 0.156003743 0.347092837 0.154128879 0.911829829
1520532039659063808.000000 10.968846321 -0.134249777 4.555357933 0.194195136 0.352456331 -0.343156636 0.848708630
1520532040208019712.000000 10.752361298 -0.302283883 4.782720089 -0.272618502 0.440812439 -0.066436023 0.852613509
1520532040807830784.000000 10.455914497 -0.418306381 4.622773170 0.669076622 -0.596738219 -0.118416324 -0.426869452
1520532041308853504.000000 10.378202438 -0.250256002 4.270845890 -0.657133222 0.753561616 0.011155870 -0.014013963
1520532041859204864.000000 10.546579361 0.042183969 4.025082588 -0.430025488 0.802444100 0.051620364 -0.410483718
1520532042460576512.000000 10.885170937 0.115908869 4.061851501 0.096083060 -0.747065544 -0.144786373 0.641636968
1520532043060830464.000000 11.254494667 -0.155158475 4.078321934 -0.282873720 -0.772882938 -0.139117271 0.550709367
1520532043660022528.000000 11.419013977 -0.505843461 3.831274033 0.580012977 0.705242217 -0.259660959 -0.314316064
1520532044158080768.000000 11.313979149 -0.616619885 3.700565338 -0.574764550 -0.564444125 0.587284386 0.078393914
1520532044657553664.000000 11.156220436 -0.607132018 3.766546726 -0.375342816 -0.352477759 0.847368836 -0.129781336
1520532045257376512.000000 11.049899101 -0.478161275 3.965031147 -0.067357905 -0.142391816 0.932673335 -0.324511826
1520532045759438848.000000 11.083341599 -0.252577692 4.178945065 -0.040474139 0.076075308 0.916327775 -0.391047060
1520532046461424896.000000 11.190777779 0.066342421 4.436488152 0.178430066 -0.359303504 -0.427891552 0.809921324
1520532047065489408.000000 11.199218750 0.012332798 4.760201454 -0.119070508 -0.014147899 0.359575599 0.925379634
1520532047708579584.000000 10.725605965 -0.113790996 4.848863125 0.587019026 -0.509127915 -0.389260948 -0.494644642
1520532048308906240.000000 10.484963417 -0.207966685 4.554750919 0.825325906 -0.546024501 0.077544846 -0.121165588
1520532049007889920.000000 10.574216843 -0.221062154 4.191840649 0.662372828 -0.520388365 0.503009796 0.193492457
1520532049657908736.000000 10.816861153 -0.205690935 4.082723618 0.121850692 -0.519176841 0.718754470 0.446093976
1520532050357579264.000000 11.023808479 -0.341052741 3.879667997 0.503289998 0.685060024 -0.356100708 -0.388051808
1520532050807635968.000000 11.203323364 -0.344956785 3.622566223 0.617463589 0.709055245 -0.138292536 -0.311214656
1520532051259655424.000000 11.366873741 -0.327497482 3.355796099 0.657377422 0.733004689 -0.101052962 -0.142644152
1520532051960159232.000000 11.451033592 -0.286885142 2.933372736 0.647956729 0.747411251 -0.139370635 0.045873433
1520532052659322624.000000 11.206746101 -0.254551381 2.570509672 0.589097977 0.679238856 -0.306761801 0.312242389
1520532053059334400.000000 10.984787941 -0.242680147 2.462330580 0.550768018 0.639603436 -0.342346638 0.412747949
1520532053460413440.000000 10.743646622 -0.252246767 2.399214029 0.486453772 0.574340880 -0.409183294 0.515814245
1520532053763657472.000000 10.542728424 -0.252292842 2.354004622 0.536972821 0.525483906 -0.447095901 0.485419512
1520532054014893824.000000 10.377218246 -0.258885831 2.313021421 0.590374231 0.469720811 -0.467538118 0.460682929
1520532054264901888.000000 10.205104828 -0.253639340 2.273745775 0.611984491 0.431517899 -0.512047529 0.420802385
1520532054463646464.000000 10.069567680 -0.263719231 2.253065109 0.632357240 0.402150720 -0.527686775 0.399932235
1520532054761819904.000000 9.863855362 -0.245210662 2.221869230 0.660487175 0.367523015 -0.527454317 0.387911618
1520532054911825920.000000 9.762798309 -0.249011084 2.207401752 0.656034708 0.371978492 -0.528005540 0.390462101
1520532055110565120.000000 9.634454727 -0.242687449 2.182281256 0.642491817 0.376841664 -0.522152662 0.415392846
1520532055310572032.000000 9.497747421 -0.231596053 2.148636818 0.589161217 0.442932248 -0.488945991 0.466510326
1520532055510578176.000000 9.364985466 -0.229991689 2.131141424 0.528429270 0.483022541 -0.448299408 0.535237670
1520532055809912064.000000 9.157798767 -0.197589532 2.108826160 0.427141726 0.583492339 -0.340427816 0.600995481
1520532056060018944.000000 8.990782738 -0.175658137 2.081827164 0.319650561 0.666670620 -0.198067382 0.643539548
1520532056310026752.000000 8.811594963 -0.147119954 2.066593170 0.192962348 0.700206935 -0.143440649 0.672235489
1520532056512028928.000000 8.670850754 -0.152551532 2.063585520 0.101768315 0.703119099 -0.129086435 0.691811681
1520532056763579904.000000 8.490178108 -0.138522759 2.065570831 0.025893483 0.723562896 -0.098275200 0.682735860
1520532057063588864.000000 8.279302597 -0.146405801 2.054820538 -0.043232366 0.763318121 -0.057585090 0.641997159
1520532057363106560.000000 8.058045387 -0.113002069 2.049291134 -0.006086656 0.761951566 -0.007266343 0.647564650
1520532057661982464.000000 7.843651295 -0.120761827 2.061359644 0.038082972 0.725294948 -0.022907514 0.687002301
1520532057961991424.000000 7.617368698 -0.120854750 2.066383362 0.011151802 0.720790386 -0.101182610 0.685637653
1520532058260286464.000000 7.409832478 -0.111454509 2.047080278 0.027057711 0.743710995 -0.085119270 0.662507772
1520532058509241088.000000 7.228402615 -0.102427974 2.040477753 0.004150120 0.738805652 -0.076122791 0.669592679
1520532058759250176.000000 7.051187515 -0.094408661 2.050534725 -0.004861594 0.719805300 -0.070000172 0.690620542
1520532058959299072.000000 6.902383804 -0.081099801 2.048459053 0.019833054 0.726222694 -0.059829924 0.684563816
1520532059159306240.000000 6.766353607 -0.091255382 2.035929680 0.031992614 0.742973387 -0.057246458 0.666100442
1520532059361450496.000000 6.618959427 -0.068406403 2.021527052 0.037164889 0.737667799 -0.049193714 0.672342896
1520532059561456384.000000 6.471649647 -0.070721820 2.013593197 0.032102063 0.722588003 -0.039294939 0.689414203
1520532059815523840.000000 6.290131092 -0.061049294 2.019316435 0.058251958 0.700804651 -0.059445783 0.708481252
1520532060067209728.000000 6.108354092 -0.063509941 2.017899275 0.024477063 0.720507205 -0.065562733 0.689907074
1520532060317217792.000000 5.939358711 -0.060061574 2.007258654 0.016855953 0.727174819 -0.065541051 0.683108330
1520532060517223680.000000 5.799036026 -0.048208792 1.997236609 0.023979571 0.720024765 -0.049062978 0.691796303
1520532060817232896.000000 5.591806412 -0.045146119 1.996738195 0.041699294 0.699005663 -0.028840806 0.713316560
1520532061117242880.000000 5.371414661 -0.046464853 1.983856678 -0.007744851 0.716027319 -0.064812899 0.695013762
1520532061366161920.000000 5.198529243 -0.036093857 1.961009741 0.005366084 0.738006711 -0.052206837 0.672749400
1520532061616169984.000000 5.012839794 -0.031644918 1.948748350 0.006605067 0.720124602 -0.062903106 0.690955937
1520532061864348160.000000 4.838834763 -0.032836638 1.946543336 0.010149632 0.700192153 -0.071639307 0.710278630
1520532062113124096.000000 4.657109737 -0.028253432 1.928589940 0.001356767 0.718607545 -0.083034039 0.690439522
1520532062413110016.000000 4.451216221 -0.018065723 1.900153160 0.008387787 0.751511812 -0.067158170 0.656238854
1520532062812221184.000000 4.164404392 -0.019841952 1.892543912 0.018274680 0.697262883 -0.074440800 0.712705433
1520532063210852096.000000 3.885775328 -0.011712780 1.883272171 0.025045149 0.726697445 -0.049166210 0.684738100
1520532063459790848.000000 3.717549324 -0.005461475 1.874009848 0.017955450 0.729003251 -0.068925165 0.680794537
1520532063709465600.000000 3.546173334 -0.002181088 1.877072930 0.008549139 0.703423440 -0.046210952 0.709215701
1520532063959473664.000000 3.376720190 0.011147567 1.879344463 0.020881327 0.697480917 -0.055517770 0.714144349
1520532064160579328.000000 3.240065575 0.011766532 1.872892618 0.019894095 0.714942276 -0.060582813 0.696269691
1520532064512369408.000000 3.001152992 0.025885627 1.848625422 0.002378381 0.737239182 -0.035223957 0.674708843
1520532064812379392.000000 2.798880816 0.011969294 1.840907454 -0.007279274 0.704038918 -0.050411042 0.708332539
1520532065062210048.000000 2.631477356 0.033482745 1.829999328 0.030475007 0.709533572 -0.051471550 0.702128291
1520532065312217856.000000 2.458342791 0.016704386 1.811684728 0.019028625 0.729507148 -0.056555357 0.681365371
1520532065611198720.000000 2.248599529 0.036558505 1.799912095 0.011286180 0.723695695 -0.046401944 0.688464999
1520532065860185600.000000 2.073341608 0.017564641 1.803623915 0.017835550 0.687937856 -0.049021259 0.723892510
1520532066110193664.000000 1.889123559 0.045529846 1.794798851 0.022151355 0.695128739 -0.059264943 0.716095686
1520532066409905408.000000 1.677953482 0.036930420 1.768022537 0.040634662 0.734277904 -0.037332930 0.676602542
1520532066661450496.000000 1.485463381 0.041009456 1.757113338 -0.008682901 0.711852551 -0.077975400 0.697932959
1520532066861456384.000000 1.341878533 0.024244379 1.755807519 -0.006147841 0.690051734 -0.072356611 0.720107853
1520532067064881408.000000 1.190855026 0.048866384 1.750220776 0.018780399 0.690594375 -0.063101366 0.720239520
1520532067314888448.000000 1.000736952 0.040805690 1.744358897 0.017713938 0.702046096 -0.064974673 0.708939910
1520532067517442816.000000 0.842510760 0.051488016 1.731976509 0.014330828 0.716353476 -0.059160706 0.695077181
1520532067767450880.000000 0.640474260 0.054821443 1.726137161 -0.007382390 0.691467106 -0.044789497 0.720980346
1520532067967456768.000000 0.485981792 0.057744909 1.734953523 0.033643480 0.646659374 -0.073045529 0.758527577
1520532068167462912.000000 0.321674109 0.074495316 1.740328550 0.041477390 0.636748433 -0.083606593 0.765402496
1520532068467472896.000000 0.082816280 0.054835279 1.724676013 0.005964991 0.701552212 -0.069068015 0.709237993
1520532068667517696.000000 -0.078972086 0.073999174 1.717141509 -0.009021824 0.716483474 -0.068069473 0.694216490
1520532068967487744.000000 -0.316889733 0.073670529 1.731032133 0.042974472 0.675906539 -0.043993499 0.734416842
1520532069317498880.000000 -0.599726677 0.084570445 1.724281788 0.013066895 0.720822036 -0.047803577 0.691346288
1520532069567506688.000000 -0.800321698 0.076308489 1.704701543 0.014472703 0.750642478 -0.053853747 0.658351123
1520532069916444160.000000 -1.099145889 0.079916552 1.691738486 0.019723771 0.724178731 -0.038873497 0.688233256
1520532070313902336.000000 -1.449037075 0.096979797 1.698704600 0.029882520 0.714749277 -0.054603409 0.696605325
1520532070613831424.000000 -1.698866010 0.098462768 1.695392013 0.037996918 0.720357478 -0.039360408 0.691442013
1520532070911921408.000000 -1.970234156 0.100883119 1.698097467 0.013296206 0.710499942 -0.041661520 0.702337086
1520532071210752768.000000 -2.236491203 0.114852056 1.703517914 0.022284683 0.699006140 -0.049250729 0.713069558
1520532071511062272.000000 -2.487219334 0.103720732 1.672772884 0.004650688 0.774509907 -0.045823261 0.630882740
1520532071761069312.000000 -2.674748659 0.112246104 1.601919293 -0.039072432 0.835421562 -0.040119849 0.546749055
1520532072062592256.000000 -2.853975296 0.097751603 1.469667673 -0.056006320 0.899489045 -0.038677432 0.431609571
1520532072364286464.000000 -2.981473446 0.123459436 1.300447941 -0.056099568 0.946918309 -0.025399216 0.315520912
1520532072713535232.000000 -3.073487997 0.097252376 1.108213305 -0.050614700 0.988132238 -0.026435902 0.142597213
1520532073162469888.000000 -3.132228136 0.069090679 0.925456464 -0.045371938 0.997199237 -0.055211004 0.022063764
1520532073762126848.000000 -3.161055088 0.097431526 1.104866385 -0.050989009 0.970025837 -0.046087764 -0.233079180
1520532074012816128.000000 -3.136062145 0.120097816 1.263872862 -0.033615146 0.947372317 -0.028325517 -0.317101538
1520532074262824192.000000 -3.126630306 0.127027094 1.437398434 -0.021946918 0.903382659 -0.005220884 -0.428241581
1520532074463714560.000000 -3.137419939 0.142353579 1.570577860 0.026600361 -0.839183211 0.009362305 0.543117285
1520532074713722368.000000 -3.126561403 0.164541245 1.725913644 0.025385709 -0.755208015 -0.031335715 0.654243410
1520532074962292480.000000 -3.054878473 0.166821420 1.848907351 0.006896293 -0.695695221 -0.020522598 0.718010724
1520532075211889664.000000 -2.938703299 0.143280685 1.910428762 -0.044802692 -0.681970358 0.002843526 0.730000734
1520532075461845760.000000 -2.782908916 0.161018580 1.932175040 -0.024401590 -0.677645862 -0.011165734 0.734898627
1520532075661636608.000000 -2.646342516 0.151403189 1.942229271 -0.018979089 -0.665695310 -0.010575340 0.745907307
1520532075861643520.000000 -2.503750563 0.141964927 1.940525413 -0.005368097 -0.654879153 -0.005493712 0.755694568
1520532076063018240.000000 -2.331679106 0.155285344 1.928239226 0.013426776 -0.678522944 -0.011964058 0.734359026
1520532076263024128.000000 -2.156662703 0.127027482 1.919625401 0.009092598 -0.710852981 -0.007163900 0.703245401
1520532076465642752.000000 -1.980099916 0.133511722 1.906230807 0.000611349 -0.727243721 -0.011721281 0.686278939
1520532076715649792.000000 -1.740442514 0.107352749 1.892338753 -0.047303837 -0.704282343 0.014893981 0.708185673
1520532076967737856.000000 -1.479689240 0.105565056 1.898297310 -0.028383952 -0.675780952 -0.001142945 0.736554921
1520532077217745920.000000 -1.067443013 0.066466212 1.904127002 -0.019989338 -0.676834404 0.012593821 0.735756040
1520532077467753728.000000 -0.731756985 -0.010059034 1.873876572 0.000655391 -0.711974502 -0.012240672 0.702098310
1520532077717760768.000000 -0.481043071 0.016655942 1.884524465 0.001577948 -0.699878812 -0.012546026 0.714149654
1520532078017771776.000000 -0.226433128 -0.001236878 1.885306001 0.001266237 -0.667826891 -0.001854901 0.744313240
1520532078317779712.000000 0.029236244 0.007992537 1.887758732 -0.004788812 -0.695822895 0.011939486 0.718098164
1520532078667790848.000000 0.280262470 0.041878898 1.873545289 0.007125482 -0.709278822 -0.026124800 0.704407752
1520532079017801728.000000 0.501839042 0.033015490 1.887174726 0.034319814 -0.666140616 -0.020513732 0.744753659
1520532079365629184.000000 0.724047601 0.032119699 1.891448975 0.016857086 -0.704128802 0.015982620 0.709692180
1520532079763329792.000000 0.961805761 0.036039446 1.890810966 -0.029173758 -0.698100328 0.020528000 0.715110779
1520532080061590528.000000 1.133460760 0.030355191 1.913517594 -0.019744914 -0.653726518 0.003567439 0.756464839
1520532080361599488.000000 1.316049814 0.045591813 1.920907855 0.023133881 -0.664943218 0.009158538 0.746479392
1520532080660736000.000000 1.502702355 0.042245254 1.916319132 -0.016692279 -0.695267081 -0.000372988 0.718557477
1520532080960490496.000000 1.691117525 0.031904425 1.929690480 -0.013390237 -0.661153376 0.006494015 0.750103116
1520532081210499584.000000 1.851666451 0.048100609 1.941628695 -0.012367940 -0.642681897 0.020056292 0.765770674
1520532081561457920.000000 2.084574461 0.036566779 1.940367222 0.001296725 -0.687550187 -0.001503925 0.726134181
1520532081812787712.000000 2.256641150 0.044385072 1.938566089 -0.015718419 -0.689384282 -0.001208886 0.724224269
1520532082062794752.000000 2.415647745 0.024748085 1.957645178 -0.014426976 -0.651655555 -0.005087270 0.758360744
1520532082761522432.000000 2.875851393 0.027015531 1.982561231 -0.013587054 -0.693602383 -0.002865431 0.720224202
1520532083210610688.000000 3.161591530 0.026665078 2.004191637 0.015598318 -0.664895773 -0.008274547 0.746727467
1520532083862086400.000000 3.605172157 0.030197088 2.013015509 -0.021787902 -0.706043780 -0.009892457 0.707763851
1520532084567178752.000000 4.072452545 0.010484862 2.007022619 -0.005555963 -0.744652331 -0.007968502 0.667381823
1520532085217058304.000000 4.474735737 -0.002060406 1.886421204 -0.043759000 -0.848535717 -0.027530950 0.526606441
1520532085917649408.000000 4.739531517 0.003185492 1.584415436 0.061234027 0.978945434 0.021432485 -0.193537787
1520532086765944320.000000 5.004337311 -0.037444085 1.202874184 -0.053950664 0.946038246 -0.057707772 -0.314278126
1520532088511922944.000000 5.551664829 -0.123798311 0.537013829 0.108563833 0.987935245 -0.107196845 -0.026584242
1520532089259972096.000000 5.318735600 -0.126575828 0.655698776 -0.027845440 0.688952625 -0.145862997 0.709431350
1520532090368156672.000000 5.020893574 -0.059124429 1.000283837 -0.088630363 0.597528219 0.016864952 0.796756089
1520532090967524096.000000 4.740543365 -0.038839642 0.955449700 0.031940281 0.732557952 -0.050666541 0.678064585
1520532091766297856.000000 4.305606365 -0.044909175 0.978160918 0.030698096 0.680072188 -0.072204404 0.728934824
1520532092617175552.000000 3.854887247 -0.056451540 1.063370109 -0.118680947 0.645083427 -0.026162110 0.754385710
1520532093117190656.000000 3.654517889 -0.095225781 0.978374302 -0.152869046 0.798751891 -0.125888348 0.568136096
1520532093663592448.000000 3.709410191 -0.115329280 0.865047991 -0.050984465 0.962902009 -0.245993018 0.098527662
1520532094763347200.000000 4.236873627 -0.029962666 0.937635958 -0.019403705 -0.780538082 0.010374946 0.624720871
1520532095818327808.000000 4.720893860 -0.039468754 1.181630373 -0.003009259 -0.388178408 0.062935576 0.919427872
1520532096718354688.000000 4.779030323 -0.018534342 1.599751592 -0.014890629 0.059600882 0.054013576 0.996648669
1520532097515159552.000000 4.455914497 -0.000912345 1.849829912 -0.040159896 0.490003437 0.019671084 0.870572746
1520532097813154304.000000 4.299345970 0.007521071 1.893290043 0.005266508 0.572518885 -0.004819129 0.819860458
1520532098461195264.000000 3.914380550 0.015585855 1.912879229 0.027820954 0.733077109 -0.042817976 0.678226054
1520532099712921088.000000 3.127105474 0.019482940 1.908896089 0.003447299 0.734326243 -0.043601766 0.677386105
1520532100662926080.000000 2.504221916 0.047015619 1.909143090 -0.027311284 0.714374781 -0.040411618 0.698061347
1520532101561075712.000000 1.902581573 0.050336014 1.847126245 -0.012631902 0.791364491 -0.042551294 0.609731197
1520532102161791232.000000 1.539079905 0.022089012 1.639845610 -0.013434970 0.904880345 -0.084733106 0.416930854
1520532102810696960.000000 1.323753357 0.002567111 1.299909472 0.020462276 0.979440510 -0.074907355 0.186189264
1520532103159964672.000000 1.242543817 -0.029173847 1.105970025 0.020159176 0.989884138 -0.081543721 0.114339799
1520532104059970304.000000 1.079738140 -0.074509874 0.574045658 0.036632933 0.997135758 -0.062801741 0.020839060
1520532104261399296.000000 1.035980940 -0.080091886 0.457533926 0.043225665 0.996163428 -0.075050056 -0.012550357
1520532104860746240.000000 0.838423729 -0.234095395 0.185585499 0.023407187 0.981065810 -0.189483538 -0.032526165
1520532105160374528.000000 0.700088382 -0.212343544 0.069290243 0.024637869 0.989163697 -0.138903037 -0.040670194
1520532105559820544.000000 0.476553559 -0.070258193 -0.027349079 0.041480940 0.994171679 -0.072371684 -0.068296306
1520532106310051328.000000 -0.045574583 0.082362086 -0.060260721 0.029555378 0.988094628 0.073545054 0.131858438
1520532107509709056.000000 -0.025334036 -0.164503485 -0.017182484 -0.031209949 0.990558207 -0.101273991 0.086970739
1520532108059757824.000000 0.304633886 0.036715124 0.073521174 -0.006975494 0.991370320 0.129617497 -0.018317576
1520532109159753984.000000 0.562145233 -0.223396122 -0.032166198 0.049230039 0.918591440 -0.386012405 -0.068997331
1520532110809603328.000000 0.122104794 -0.155430689 -0.062164228 0.003185006 0.933852792 -0.091618493 -0.345709234
1520532111559881472.000000 -0.008670368 -0.135256946 -0.036297098 -0.001025268 0.973031282 -0.068438530 0.220284492
1520532115910156032.000000 -0.040342003 -0.202203050 -0.113603793 -0.105075017 0.982262313 -0.138764024 0.069746405
1520532116459889152.000000 0.279386014 -0.019669019 -0.065750740 -0.049539715 0.981061459 0.120849490 -0.143037289
1520532116861075456.000000 0.479668647 -0.045959752 0.053623639 0.034267135 0.909038603 0.181106627 -0.373731107
1520532117560643584.000000 0.230464756 -0.150669321 -0.073365025 0.251552105 0.952584624 0.151151404 -0.080357336
1520532117960253952.000000 -0.063880406 0.031407643 -0.022971926 0.006549383 0.916358709 0.326311171 0.231872350
1520532118261560832.000000 -0.152599886 -0.159287259 -0.022885785 -0.272708327 0.901146472 -0.036781967 0.334981054
1520532119010019584.000000 0.325485855 0.015760401 0.033509407 -0.183972016 0.954638124 0.078994855 -0.220409021
1520532119410594816.000000 0.545849502 -0.039889317 0.060172848 -0.030462390 0.965279639 -0.006417479 -0.259357095
1520532119860318464.000000 0.646845877 -0.228745386 -0.060169615 0.062249672 0.974052906 -0.093151800 -0.196643502
1520532120710069760.000000 0.444801837 -0.043428492 -0.280251384 0.051790971 0.990427315 -0.046629336 -0.119151630
1520532121110540032.000000 0.182710052 0.082420319 -0.219684273 -0.031043224 0.997695267 0.000989142 -0.060328014
1520532122010972928.000000 -0.350859255 0.019856174 0.000520134 -0.059576441 0.985142410 0.015525864 0.160324916
1520532123410467072.000000 0.311411947 0.076200597 0.029919343 -0.058204398 0.970984876 0.112140477 -0.203039646
1520532124760332800.000000 0.245032966 -0.075894989 -0.132112786 0.013009316 0.999207437 0.006698843 0.037018046
1520532125310496768.000000 0.203491688 -0.080787413 -0.115006313 -0.002874852 0.998927593 -0.038735304 0.025199499
