1520531124150444288.000000 0.000000000 0.000000000 0.000000000 0.000000000 0.000000000 0.000000000 1.000000000
1520531127150607872.000000 -0.003527337 -0.010539441 0.023574106 -0.000025185 -0.000307852 -0.020202892 0.999795854
1520531132001531392.000000 0.286094010 0.041135717 0.375617594 0.035013128 0.063235901 -0.009539222 0.997338593
1520531133250788608.000000 0.804364979 -0.066981204 0.074305989 0.004201022 0.035351280 -0.009690365 0.999319136
1520531136750936576.000000 -0.426671356 -0.056161508 0.027424237 -0.047901399 -0.147066429 0.145309791 0.977221549
1520531141201856768.000000 0.570040226 -0.061030131 -0.135381326 -0.002288983 -0.000791834 0.018250607 0.999830484
1520531143801894400.000000 -0.533736587 -0.071119860 0.192610875 -0.058106255 0.003021607 -0.018395055 0.998136342
1520531144900955648.000000 -0.288507611 -0.088432066 0.347325504 -0.001862248 0.424359500 -0.020002618 0.905270934
1520531146951219968.000000 0.736904025 -0.075065143 0.069410689 0.032112364 -0.301323265 0.057012640 0.951274216
1520531149551337472.000000 -0.248121932 -0.089232683 -0.041491896 0.108566284 0.117137015 -0.338845640 0.927187085
1520531150601501440.000000 -0.310424238 -0.055492517 0.277163595 -0.027710704 0.032764815 0.011217279 0.999015868
1520531151151641088.000000 -0.215402827 0.000976524 0.368315279 0.035299607 0.031215696 -0.008577188 0.998852313
1520531151702275328.000000 -0.076354943 0.095810413 0.391589582 0.133599102 -0.092278212 -0.004463876 0.986719847
1520531152702371584.000000 0.225230098 0.117141798 0.450864255 0.165948689 -0.420056015 -0.032332826 0.891610086
1520531153352362240.000000 0.408187002 0.000908004 0.503323555 0.027721435 -0.476697147 -0.035041176 0.877931356
1520531153951961344.000000 0.556191087 -0.113935910 0.513246417 -0.108448155 -0.463165522 0.029102124 0.879130125
1520531154501637888.000000 0.677187979 -0.216994420 0.524370730 -0.218333080 -0.483264714 0.098080404 0.842120051
1520531155151242752.000000 0.795839548 -0.332940429 0.540140748 -0.311361909 -0.499241620 0.148348659 0.794861138
1520531155701193216.000000 0.942274511 -0.315232217 0.519160688 -0.275438666 -0.545168877 0.137405545 0.779771864
1520531156301314304.000000 1.159109354 -0.151012823 0.449346900 -0.078449793 -0.655555248 0.033630017 0.750307918
1520531156902073856.000000 1.266348124 0.022139937 0.335428715 0.066969208 -0.766168833 -0.113142461 0.629046321
1520531157453222656.000000 1.289583802 0.166611776 0.254672915 -0.118394934 0.854757011 0.202437609 -0.463024974
1520531157803190784.000000 1.253190398 0.251401186 0.225281417 -0.165324882 0.846111894 0.312022328 -0.399254888
1520531158203389696.000000 1.305625319 0.224456862 0.110948816 -0.115867205 0.883256435 0.282048732 -0.356204122
1520531158503278848.000000 1.352063894 0.139537722 0.005227469 -0.045776587 0.925150394 0.186771169 -0.327288568
1520531159202316800.000000 1.404275060 -0.149097383 -0.203033343 0.062546104 0.959870219 -0.140226349 -0.234677792
1520531159601579008.000000 1.410271764 -0.253834426 -0.268222600 0.076684274 0.946188927 -0.259607494 -0.177341521
1520531160001374976.000000 1.387944698 -0.328496158 -0.326574981 0.107151240 0.906219125 -0.378874958 -0.154075503
1520531160401307904.000000 1.351133943 -0.330482185 -0.437557191 0.096526451 0.916827500 -0.370792210 -0.112352431
1520531161001236480.000000 1.259322524 -0.123707741 -0.649851501 0.031011203 0.994605541 -0.097083777 0.019311247
1520531161251244544.000000 1.206347227 -0.034083106 -0.715972543 0.017998420 0.994636476 0.003555357 0.101792328
1520531161451724288.000000 1.161599994 0.042734399 -0.745573759 0.016894832 0.980564535 0.087228507 0.174925551
1520531161651730432.000000 1.119945407 0.112401433 -0.743169188 0.040079400 0.956090450 0.179726884 0.227997601
1520531161852838144.000000 1.077721000 0.167483449 -0.731259823 0.081833363 0.923850358 0.256391317 0.272153139
1520531162052844288.000000 1.027776122 0.213874206 -0.720577300 0.115417853 0.888295710 0.313391864 0.315269709
1520531162352718848.000000 0.937012494 0.236583635 -0.716256440 0.113481432 0.857361853 0.345591068 0.364169478
1520531162552696064.000000 0.856963992 0.205208212 -0.736928284 0.135933086 0.851395607 0.294526666 0.412191391
1520531163652419328.000000 0.451519221 -0.170329422 -0.835905552 -0.065003768 0.797459245 -0.142618030 0.582660615
1520531164051929088.000000 0.376428008 -0.253822029 -0.835670769 -0.142002180 0.766366124 -0.248278573 0.575218320
1520531164351592448.000000 0.310162246 -0.304768294 -0.839147925 -0.180631354 0.749173701 -0.290416181 0.567247331
1520531164651450624.000000 0.216113672 -0.266813546 -0.840313375 -0.156545267 0.753218532 -0.239631534 0.592226386
1520531164901458432.000000 0.118368842 -0.196905375 -0.838093102 -0.107259676 0.750243664 -0.159869641 0.632512093
1520531165151586304.000000 0.023163160 -0.123284698 -0.834648788 -0.065561056 0.736842394 -0.077593409 0.668389320
1520531165401756416.000000 -0.045805454 -0.041888505 -0.826653361 -0.010369320 0.714002490 0.005824494 0.700042188
1520531165952212992.000000 -0.154252946 0.139730707 -0.783514977 0.182962656 0.664863408 0.151142612 0.708263576
1520531166202873600.000000 -0.202104822 0.192841545 -0.740073919 0.231380045 0.619063616 0.226013750 0.715640485
1520531166452880640.000000 -0.232302785 0.226106361 -0.708453894 0.268540829 0.595199049 0.257907301 0.712114990
1520531166703149312.000000 -0.278107852 0.250185281 -0.678187966 0.299434572 0.560597599 0.265698820 0.724895418
1520531167003158272.000000 -0.402921081 0.213380739 -0.626781940 0.258940071 0.528415382 0.204532743 0.782236278
1520531167253247232.000000 -0.507935464 0.137340024 -0.580844760 0.202089265 0.500049293 0.122846298 0.833078265
1520531167552931072.000000 -0.594903052 0.041721601 -0.520126045 0.118971191 0.463037908 0.027233500 0.877895236
1520531167852509696.000000 -0.655140817 -0.039097648 -0.440861851 0.042231672 0.436264157 -0.053028658 0.897261381
1520531168152518656.000000 -0.694603384 -0.144641459 -0.348897815 -0.089348532 0.394217372 -0.120151617 0.906737626
1520531168651887360.000000 -0.711957693 -0.250064105 -0.246712044 -0.218211770 0.318911284 -0.151139811 0.909854949
1520531169001898496.000000 -0.765584409 -0.180047661 -0.124088675 -0.153455466 0.243376404 -0.094132647 0.953078389
1520531169351789056.000000 -0.792831004 -0.067202196 -0.035949808 -0.038913578 0.177723989 -0.044798948 0.982289672
1520531170052336128.000000 -0.768218398 0.136322528 0.073813006 0.176090926 0.084438398 0.004272551 0.980736375
1520531170652989184.000000 -0.698717535 0.197495759 0.154723659 0.291430026 -0.015409785 0.008480217 0.956430435
1520531171253320960.000000 -0.588335097 0.113036267 0.376987487 0.196544409 -0.143541187 -0.031566862 0.969417214
1520531171903112704.000000 -0.370938480 -0.072946414 0.524934113 -0.030186735 -0.289296418 -0.022907913 0.956489205
1520531172602371584.000000 -0.146101892 -0.250627756 0.550191939 -0.222674116 -0.411210358 0.091462478 0.879179657
1520531173351919360.000000 0.080756024 -0.102523759 0.618206799 -0.029800691 -0.530201554 -0.015945068 0.847197711
1520531174053144832.000000 0.195130512 0.191022903 0.581155837 0.282923400 -0.571437418 -0.218043864 0.738830507
1520531174703401728.000000 0.357484579 0.209603280 0.542473733 0.266667187 -0.627500415 -0.189272046 0.706617296
1520531175503558912.000000 0.688505054 -0.004950907 0.569552362 0.031381167 -0.705523312 -0.039660797 0.706879795
1520531176452006144.000000 0.929825902 -0.302369058 0.510766208 -0.288127929 -0.659141183 0.259889454 0.644183755
1520531178053924608.000000 1.330391645 0.167330563 0.218329981 -0.135795444 0.830394745 0.250675231 -0.478712916
1520531178654026752.000000 1.395994425 0.098614097 -0.015612925 -0.067531750 0.916088521 0.188860700 -0.347207248
1520531179901974528.000000 1.409463882 -0.293391109 -0.366800278 0.098746680 0.923296452 -0.338982075 -0.151208043
1520531181152139776.000000 1.214007974 0.010729903 -0.781189382 0.058609940 0.984157979 0.075456850 0.149345860
1520531182353231104.000000 0.862086833 0.202714279 -0.565373838 0.252489567 0.568710566 0.190726951 0.759236813
1520531183203629824.000000 0.849312007 0.199836180 -0.453495711 0.323444247 0.202023014 0.095901236 0.919441938
1520531184102696960.000000 0.779721141 -0.248492181 -0.466103137 -0.259688437 0.194116428 -0.087501995 0.941925764
1520531184952596480.000000 0.707507253 -0.012310723 -0.535232306 0.094260991 0.229269400 -0.018957809 0.968602598
1520531185803017216.000000 0.892479300 0.219691500 -0.590129554 0.427053422 0.295281380 0.119536869 0.846253633
1520531186753459712.000000 0.883890212 -0.039387986 -0.322594464 0.089793190 0.421705782 0.034990303 0.901596963
1520531187702537216.000000 0.930254102 -0.144463882 -0.116414443 -0.056496471 0.558001757 -0.047329459 0.826560378
1520531188602967552.000000 0.937184393 0.184106544 0.053249288 0.245563820 0.650084913 0.259061784 0.670801818
1520531189553724928.000000 0.812711835 0.097422242 0.245933294 0.106542125 0.794489086 0.172782883 0.572347760
1520531190503041536.000000 0.584758222 -0.191772863 0.275030047 -0.045877848 0.881535113 -0.218957216 0.415750921
1520531191402824704.000000 0.363798410 -0.110800654 0.248121068 -0.004278115 0.971210003 -0.091661192 0.219843134
1520531192353338880.000000 0.097620614 0.180220887 0.309566110 -0.001018767 0.939051986 0.338440746 0.060317419
1520531193154123008.000000 -0.131857559 -0.019674217 0.174267560 -0.017945774 0.999307454 0.021627897 -0.024387788
1520531194103456000.000000 -0.335961968 -0.213597983 0.081218317 0.079412237 0.947127938 -0.249728456 -0.185143352
1520531195103062784.000000 -0.391914040 0.100591697 -0.146863833 -0.104203515 0.913701594 0.187050432 -0.345402896
1520531195954130432.000000 -0.409259051 0.207000986 -0.316464245 0.226428404 -0.778091371 -0.290350139 0.508921206
1520531197053189120.000000 -0.098155782 -0.142606765 -0.488639235 -0.117660381 -0.677068055 0.075676210 0.722501159
1520531198953640448.000000 0.335546941 0.158380300 -0.592588603 0.278697550 -0.286433607 -0.047930278 0.915415823
1520531200153771008.000000 0.693762183 0.020270292 -0.495495409 0.104753084 -0.113880455 0.008725763 0.987917960
1520531201152965632.000000 0.880542517 -0.255402535 -0.409146219 -0.275969625 0.085705377 -0.060302157 0.955436528
1520531202152882176.000000 0.998734057 0.046480693 -0.126375481 0.148837060 0.222157016 0.044725116 0.962545276
1520531203154135808.000000 1.055665612 0.229798391 0.010016134 0.346056312 0.402265698 0.207505599 0.821808219
1520531204103975424.000000 0.778477132 -0.008246726 0.233702987 0.071180388 0.634808064 0.010027078 0.769318879
1520531205252833280.000000 0.532133758 -0.253096044 0.285685122 -0.152595386 0.831287742 -0.251356691 0.471693963
1520531206854460160.000000 0.126640558 -0.113954179 0.267693520 0.325953722 0.937009215 0.052514631 0.114061765
1520531207903365632.000000 -0.296006113 -0.149232104 0.260706991 -0.182860538 0.880329132 -0.075780563 0.431091577
1520531209903712768.000000 -0.506436944 -0.031411033 0.040097672 -0.172197208 -0.783397913 -0.260538310 0.537359834
1520531211004314880.000000 -0.580506980 -0.074257657 -0.424928606 0.083020106 0.957424879 -0.052825872 -0.271393985
1520531212052866560.000000 -0.363565445 -0.212205663 -0.489494294 -0.248948306 -0.689701378 0.270354927 0.623894989
1520531214653816576.000000 0.435633361 -0.032713138 -0.582998812 -0.003935498 -0.666068077 -0.046432279 0.744433939
1520531218203358976.000000 0.735122204 -0.081021294 -0.531697571 0.111503892 0.993371904 0.027038842 0.006932539
1520531219154404864.000000 0.001569320 -0.066242225 -0.499872148 -0.146169513 0.864368439 0.034259319 0.479925007
1520531221003734784.000000 0.447682053 -0.220642433 -0.620091140 0.161290884 0.932771921 -0.013462200 -0.322087795
1520531222054986752.000000 -0.159384385 -0.000109640 -0.523092568 0.000881035 0.951513946 0.116706431 0.284605145
1520531222953346560.000000 0.335225582 0.014965480 -0.564576983 0.017953966 0.991505742 0.086487934 -0.095466651
1520531223903714560.000000 0.529040039 -0.208331615 -0.441667497 0.097020850 0.953782737 -0.133405402 -0.251174092
1520531225303560448.000000 0.259808540 -0.185708970 -0.539461911 0.060943648 0.991412878 0.000542130 -0.115698360
1520531226353305600.000000 0.243480310 -0.281264007 -0.531050682 0.038027655 0.902497590 -0.429010779 0.001329766
1520531228253316352.000000 0.249100447 -0.062485032 -0.508718789 -0.021370927 0.925098181 0.378162980 -0.027006865
1520531229753846016.000000 0.276685983 -0.141362086 -0.552702308 0.231905147 0.972290814 -0.003899685 -0.029246725
1520531230804203264.000000 0.279728025 -0.094766483 -0.762322843 0.071586952 0.997419298 0.000014483 0.005480663
1520531231856095744.000000 0.270464540 0.010275524 -0.644296527 0.000364183 0.999350250 -0.033539902 -0.013189865
1520531233153934080.000000 0.347372502 -0.333784461 -0.421202838 0.057726797 0.977031946 -0.114090465 -0.170468554
1520531234253938176.000000 -0.079787381 0.009641477 -0.497414619 -0.023109855 0.992923379 0.028012546 0.113068230
1520531235404115456.000000 0.080520578 0.080482781 -0.400221407 -0.045277167 0.992884040 -0.001221409 -0.110135458
