1520531829251142144.000000 0.000000000 0.000000000 0.000000000 0.000000000 0.000000000 0.000000000 1.000000000
1520531838002191616.000000 0.338613570 0.027866047 0.102849945 0.063723817 -0.090610325 0.049265917 0.992623746
1520531838851324928.000000 0.506693423 -0.101281136 0.040517975 0.002144655 -0.049809005 0.032517657 0.998226941
1520531839501469952.000000 0.371390969 0.068084136 -0.107558921 0.111745201 0.006619083 0.063195385 0.991703331
1520531841851911680.000000 -0.436151236 -0.087702118 0.113837287 -0.006603286 0.263838559 -0.127610072 0.956065536
1520531842801846016.000000 0.151529431 0.050787501 0.109243810 0.160193458 -0.204007640 0.003175865 0.965768516
1520531843052543744.000000 0.252657861 -0.049740009 0.104829989 0.092395693 -0.293449104 0.075884774 0.948468328
1520531844301679872.000000 -0.291438371 -0.068415858 0.006474534 0.055516344 0.548532844 -0.026393468 0.833866298
1520531844601774848.000000 -0.203106865 -0.122464895 0.042257991 0.054142222 0.546432853 -0.132016301 0.825258434
1520531844851782656.000000 -0.047452956 -0.097531833 0.149728358 0.024854716 0.296315521 -0.060339581 0.952858090
1520531845401606912.000000 0.334767461 -0.108664267 0.179041803 -0.050976932 -0.436770231 0.071235597 0.895298064
1520531846351465216.000000 0.405001611 -0.166272506 0.177568540 -0.237887055 -0.029792329 0.012742013 0.970752180
1520531848701716480.000000 -0.312952191 -0.089040011 0.110273749 -0.161011875 0.217319623 0.299299121 0.915023148
1520531850751791616.000000 0.286094368 -0.033262726 0.121106699 0.092202313 -0.016232140 -0.189789027 0.977351189
1520531851302412288.000000 0.406551957 -0.169401065 0.178966984 -0.184130758 -0.193284541 0.238220990 0.933802843
1520531851551648512.000000 0.235942885 -0.182859167 0.199273378 -0.253570527 -0.045885187 0.280680716 0.924561977
1520531852251610368.000000 -0.243871272 -0.035258796 0.037050653 0.161559865 0.331894845 -0.036663752 0.928654909
1520531852552726784.000000 -0.206723914 -0.202090308 0.083527565 0.000405003 0.308939308 -0.139666453 0.940770745
1520531853101850880.000000 0.096216045 -0.077409461 0.175168067 0.063885361 -0.008341375 -0.068799220 0.995547950
1520531853501797376.000000 0.304913938 -0.001620650 0.120651044 0.054531813 -0.228085369 0.026098367 0.971762419
1520531853852519168.000000 0.434390306 -0.029279901 0.064620547 0.010257730 -0.373975217 0.075096533 0.924336433
1520531854402319360.000000 0.598471403 0.006584290 0.120572686 0.025193993 -0.433724046 0.035761472 0.899983227
1520531854652327168.000000 0.679618180 0.001818846 0.196351290 0.051170100 -0.413794309 0.037427854 0.908160269
1520531854902427392.000000 0.769911289 0.014106853 0.288506746 0.053514741 -0.384861946 0.032531094 0.920846999
1520531855202493696.000000 0.888071656 0.007532308 0.421131849 0.019093703 -0.328024954 0.036238100 0.943780601
1520531855502503680.000000 0.974942207 0.020572666 0.572940469 0.031857982 -0.240636155 0.030003609 0.969628334
1520531855852937216.000000 1.076810837 0.012818993 0.766771436 0.033754967 -0.209199876 0.034050602 0.976696789
1520531856053549568.000000 1.131196260 0.033936262 0.881360233 0.035184551 -0.189328417 0.029246870 0.980847299
1520531856403856640.000000 1.204301238 0.030649904 1.094074965 0.067216069 -0.120309576 0.018428661 0.990286827
1520531856603862784.000000 1.241729736 0.066723198 1.221420169 0.040811721 -0.111507945 0.019349037 0.992736638
1520531856953992704.000000 1.324727416 0.057318822 1.425717592 0.061223060 -0.215219527 -0.026817041 0.974275708
1520531857103997952.000000 1.382529140 0.067330070 1.507022738 0.046061121 -0.260913789 -0.052089639 0.962854624
1520531857503816448.000000 1.579158425 0.062516421 1.683483362 0.052091125 -0.381161451 -0.081578769 0.919427752
1520531857603821568.000000 1.644185185 0.068444535 1.717073083 0.044935551 -0.423114300 -0.073044091 0.902008653
1520531857804833280.000000 1.774204135 0.068498038 1.767164707 0.045616556 -0.513044298 -0.054246806 0.855430841
1520531858004839424.000000 1.903009176 0.048988275 1.794272304 0.037136171 -0.609174132 -0.057994079 0.790040791
1520531858155737600.000000 2.003915787 0.053697851 1.808972716 0.021175411 -0.649057627 -0.057672236 0.758254409
1520531858355743488.000000 2.133728266 0.045378827 1.831565380 0.034238357 -0.659006119 -0.053260963 0.749467790
1520531858506211328.000000 2.228006124 0.025456842 1.850860715 0.018642269 -0.658542812 -0.050863110 0.750590980
1520531858756220416.000000 2.392612696 0.034525342 1.879013777 0.024836356 -0.658842742 -0.033615094 0.751118779
1520531858905608448.000000 2.491667986 0.022012288 1.891584039 0.032458581 -0.678763747 -0.044309787 0.732299685
1520531859105613312.000000 2.622257233 0.006578788 1.897440910 0.023915308 -0.705690444 -0.062415216 0.705360472
1520531859254653440.000000 2.727515697 0.008763029 1.902807117 0.005834218 -0.708285034 -0.052775562 0.703926861
1520531859354656512.000000 2.798424244 0.005786089 1.905111194 0.008974158 -0.707982600 -0.046960045 0.704609692
1520531859504661504.000000 2.895936012 -0.014468718 1.915582299 0.002234592 -0.698941588 -0.049272273 0.713475943
1520531859604664576.000000 2.959623098 -0.020858053 1.922399998 0.003289172 -0.698995173 -0.038061753 0.714105189
1520531859803837440.000000 3.094710588 -0.021425944 1.931069374 -0.018254362 -0.704278827 -0.008013745 0.709643543
1520531859903840512.000000 3.160964966 -0.027372157 1.930461287 -0.028656408 -0.713851631 -0.013045017 0.699588776
1520531860053845504.000000 3.256642103 -0.041736998 1.919607639 -0.016041741 -0.744792521 -0.015086526 0.666932642
1520531860253605632.000000 3.387617826 -0.037803691 1.909548759 -0.011107802 -0.751848936 -0.020581832 0.658920467
1520531860453611776.000000 3.521992207 -0.040336568 1.912614822 -0.004668884 -0.740532160 -0.027928058 0.671424091
1520531860654918656.000000 3.650113344 -0.053787772 1.922767162 0.009916301 -0.723659754 -0.032636054 0.689313471
1520531860854924544.000000 3.786923170 -0.047109395 1.929189920 0.012420952 -0.716577947 -0.012519694 0.697284043
1520531861108173312.000000 3.948992491 -0.064945057 1.923967719 0.028262571 -0.746453881 -0.030569127 0.664133549
1520531861359927296.000000 4.115827560 -0.064181246 1.914209962 0.002770149 -0.741171062 -0.020123051 0.671008825
1520531861609934336.000000 4.268599510 -0.085699551 1.917503357 0.004775733 -0.709164679 -0.025183668 0.704576731
1520531861810668800.000000 4.386002541 -0.089723170 1.932037950 0.002240420 -0.685634136 0.003375247 0.727935076
1520531862010675712.000000 4.504483223 -0.092770904 1.952251792 0.011357632 -0.661880791 0.024293253 0.749129295
1520531862309844480.000000 4.653675079 -0.111500032 2.002432108 0.021921419 -0.577429473 0.088291802 0.811356425
1520531862607267840.000000 4.767502785 -0.106594525 2.082051277 0.034453452 -0.410286337 0.135991141 0.901101828
1520531862857274880.000000 4.828104496 -0.105132483 2.170018911 0.028886132 -0.268960416 0.174429163 0.946784198
1520531863004576768.000000 4.857039928 -0.093963303 2.229633808 0.030545007 -0.209492564 0.187382862 0.959201515
1520531863353328640.000000 4.882557392 -0.105563529 2.396081924 0.014892073 -0.091809407 0.142198533 0.985458672
1520531863653338624.000000 4.896021366 -0.114875823 2.545112610 -0.011241376 -0.022125784 0.058915697 0.997954428
1520531863852889088.000000 4.905535221 -0.127901778 2.638108015 -0.015322510 0.004032476 0.020277141 0.999668837
1520531864102896128.000000 4.927086830 -0.128413051 2.768102169 -0.027359243 -0.047395129 -0.012721202 0.998420417
1520531864302593024.000000 4.970957279 -0.133957401 2.864310503 -0.012601114 -0.135896370 -0.033978928 0.990060031
1520531864502599168.000000 5.032946110 -0.137648255 2.949980736 -0.017637109 -0.215887621 -0.033490110 0.975684285
1520531864753092864.000000 5.134946823 -0.151678666 3.051446676 -0.037940726 -0.294969022 -0.007963197 0.954720020
1520531865004427008.000000 5.240498543 -0.172714040 3.131396294 -0.051410969 -0.348252296 0.015951533 0.935854018
1520531865204433152.000000 5.327382088 -0.176180795 3.180905342 -0.062223043 -0.392368138 0.045332003 0.916580915
1520531865404536832.000000 5.411453247 -0.190294713 3.213619709 -0.049904283 -0.428997099 0.046764467 0.900713146
1520531865654544896.000000 5.518844128 -0.199167326 3.255096436 -0.052687593 -0.430687398 0.040459223 0.900053024
1520531865954989824.000000 5.615403175 -0.231598139 3.317080498 -0.103616104 -0.350349098 0.078804575 0.927528441
1520531866254595840.000000 5.657169342 -0.243394062 3.402921677 -0.131396160 -0.212090835 0.118883744 0.961051106
1520531866454601728.000000 5.651136875 -0.249550581 3.454700708 -0.148595095 -0.077620238 0.142957225 0.975426972
1520531866653665280.000000 5.616347313 -0.242211431 3.474611044 -0.163398325 0.131224930 0.134809911 0.968456149
1520531866853672192.000000 5.574808121 -0.219750509 3.447897673 -0.144122288 0.351259321 0.100095987 0.919688225
1520531867103169536.000000 5.531569958 -0.193001688 3.368743658 -0.080278374 0.549621224 0.056393605 0.829633474
1520531867403179520.000000 5.483637333 -0.181510389 3.251557350 -0.024729667 0.687011302 0.001888153 0.726223350
1520531867652921088.000000 5.428949833 -0.171678483 3.171231031 0.005479133 0.734573901 0.027456071 0.677950799
1520531867902948352.000000 5.343012810 -0.175548598 3.107152462 -0.006541727 0.756063581 -0.016424850 0.654259324
1520531868102954496.000000 5.266224861 -0.178288713 3.072948456 0.003750323 0.728602886 -0.018979931 0.684663057
1520531868352914432.000000 5.154317379 -0.174464539 3.049435616 -0.022447312 0.652910173 -0.054507982 0.755137980
1520531868702861312.000000 5.024397373 -0.176626533 3.073880672 -0.013588388 0.484420687 -0.013990274 0.874617755
1520531869052872192.000000 4.912272930 -0.182172343 3.137955189 -0.045691948 0.329719663 -0.017727042 0.942805886
1520531869503577856.000000 4.819917679 -0.227338433 3.258734703 -0.097439535 0.093526684 0.007412667 0.990809441
1520531869953493248.000000 4.839591026 -0.279191762 3.373577833 -0.131548867 -0.160314545 0.040070347 0.977439761
1520531870353505280.000000 4.921352386 -0.311591119 3.397388697 -0.121077187 -0.403399467 0.095947437 0.901888728
1520531870753666560.000000 4.962786198 -0.311311573 3.341559649 -0.050764684 -0.496651024 0.085201889 0.862265229
1520531871504118528.000000 4.945408344 -0.262245387 3.109049559 0.034061398 -0.560366392 -0.012253469 0.827453434
1520531871904706560.000000 4.951464653 -0.213930413 2.975325108 -0.017481888 -0.827541590 -0.067406461 0.557068825
1520531872155931648.000000 4.942964077 -0.188052610 2.861283541 0.041249920 0.926239967 0.139664799 -0.347666174
1520531872406387712.000000 4.927859306 -0.177442461 2.755112886 0.058166742 0.956233323 0.155082405 -0.241213337
1520531872606393600.000000 4.919832230 -0.161634475 2.651888371 0.047188863 0.979963660 0.121002011 -0.151006341
1520531872909261312.000000 4.931819439 -0.160251975 2.496127367 0.037412278 0.994200647 0.072542198 -0.070021525
1520531873211370752.000000 4.935399532 -0.157710955 2.315667868 0.028083991 0.999427259 0.002359128 -0.018731574
1520531873461378816.000000 4.944467545 -0.168792456 2.171689749 0.023894152 0.998367071 -0.033945572 -0.039242994
1520531873661199616.000000 4.953871727 -0.160300955 2.061119556 0.027625162 0.997188330 -0.038838789 -0.057826005
1520531873861205760.000000 4.954034328 -0.151420265 1.940020561 0.020234453 0.998527825 -0.026011588 -0.043083612
1520531874111380480.000000 4.947023392 -0.158520892 1.799198508 0.015881699 0.999737918 -0.012991485 -0.010153607
1520531874361388544.000000 4.951868534 -0.153599426 1.650453091 -0.007659874 0.998000681 -0.044212572 -0.044511400
1520531874510205440.000000 4.971128464 -0.160924107 1.570794106 -0.030688919 0.993272901 -0.053496685 -0.098006546
1520531874808746496.000000 5.042176723 -0.155125931 1.420292854 -0.076585494 0.972278357 -0.083393320 -0.204584897
1520531875158756352.000000 5.174880981 -0.162500277 1.286915898 -0.089672484 0.931730688 -0.107208252 -0.335176289
1520531875458061312.000000 5.311603546 -0.149913803 1.215780735 -0.058868099 0.891685784 -0.054026876 -0.445546955
1520531875858074112.000000 5.501841545 -0.161753714 1.173406720 -0.003878491 -0.829872251 0.036429729 0.556749403
1520531876159260672.000000 5.627986431 -0.179369748 1.093042731 0.010903333 0.882060587 -0.021029422 -0.470540076
1520531876457638912.000000 5.726144791 -0.188036591 0.975633264 0.050944876 0.917159319 -0.046385530 -0.392519832
1520531876807648768.000000 5.798089504 -0.200518087 0.809729636 0.023405503 0.957943439 -0.027191419 -0.284705430
1520531877205081856.000000 5.793075562 -0.197412416 0.624856889 0.008059817 0.998921096 -0.017778277 -0.042138234
1520531877553499648.000000 5.712246418 -0.210922122 0.504742146 0.017092379 0.994583786 -0.028603567 0.098452069
1520531877952915200.000000 5.672318935 -0.222627431 0.380116820 -0.016496172 0.997921884 -0.042597502 0.045445669
1520531878202723328.000000 5.682307720 -0.207951754 0.289579421 -0.015598309 0.999400318 -0.029851709 0.008035351
1520531878402729472.000000 5.701286316 -0.205730960 0.197142333 0.006055065 0.998640358 -0.040017013 -0.032855004
1520531878652845056.000000 5.719682693 -0.227006033 0.090275086 0.010723766 0.995459616 -0.042873595 -0.084303401
1520531878802797056.000000 5.728294849 -0.233177900 0.024358537 0.006580598 0.991204321 -0.070754714 -0.111644186
1520531879003277568.000000 5.736982822 -0.222254857 -0.077554569 0.008273325 0.985754192 -0.061471716 -0.156337693
1520531879153282560.000000 5.746145248 -0.222763062 -0.156133354 -0.012918757 0.978203416 -0.076661527 -0.192546561
1520531879354801920.000000 5.772747993 -0.239050820 -0.227388427 -0.024109963 0.959151149 -0.110405542 -0.259342283
1520531879654811904.000000 5.835508347 -0.254276782 -0.239833444 -0.018774362 0.909114778 -0.129133165 -0.395578623
1520531879904816384.000000 5.907620907 -0.250714958 -0.218899682 0.002385098 -0.841660917 0.124358796 0.525486588
1520531880103749632.000000 5.967431545 -0.247034878 -0.197078466 -0.011773092 -0.766442895 0.151150241 0.624163687
1520531880253764608.000000 5.995686531 -0.248005077 -0.165535793 -0.015059303 -0.692871451 0.159099057 0.703128636
1520531880503761664.000000 6.011300087 -0.252659798 -0.107920654 -0.046806809 -0.525432169 0.180266887 0.830201149
1520531880703344640.000000 5.980252266 -0.254288852 -0.066485651 -0.100738786 -0.337187082 0.227487877 0.907967985
1520531880903350784.000000 5.909192085 -0.250513583 -0.048139021 -0.123819329 -0.163850933 0.237102181 0.949528396
1520531881053512960.000000 5.845036983 -0.242470250 -0.044713575 -0.118016146 -0.045111302 0.209532276 0.969604731
1520531881203517952.000000 5.782840729 -0.227679446 -0.046216011 -0.081132941 0.047445215 0.165327206 0.981750131
1520531881405180672.000000 5.714246273 -0.216500744 -0.036989693 -0.060907803 0.132688552 0.111499079 0.982981145
1520531881757115648.000000 5.610805035 -0.207460687 0.015885934 -0.035147343 0.225766122 0.028883358 0.973118722
1520531882206620160.000000 5.494695187 -0.225491837 0.070887975 -0.000429382 0.304195940 -0.050546817 0.951267421
1520531882406626304.000000 5.463164330 -0.242058411 0.090106621 -0.013892773 0.360176414 -0.076895170 0.929605901
1520531882756257536.000000 5.447161674 -0.259004027 0.186575294 -0.031714689 0.404186159 -0.159632325 0.900080681
1520531882906262528.000000 5.460795879 -0.251697838 0.267510235 -0.029755693 0.403646260 -0.153491497 0.901456952
1520531883155936768.000000 5.478779793 -0.245795324 0.397129118 -0.000218373 0.363518596 -0.100888528 0.926107824
1520531883355942656.000000 5.477312088 -0.239897907 0.491896510 -0.003383764 0.319304168 -0.095868051 0.942784548
1520531883459388672.000000 5.474746704 -0.236135036 0.538246691 -0.014872588 0.297166646 -0.076565124 0.951634705
1520531883659394816.000000 5.471260548 -0.231882438 0.623401940 -0.023857418 0.255296201 -0.059566289 0.964731336
1520531883811492608.000000 5.475129128 -0.219820201 0.689863861 -0.008082658 0.224262491 -0.050384462 0.973191857
1520531884061500416.000000 5.493115425 -0.195478231 0.817079186 -0.013159892 0.200435579 -0.012602753 0.979537427
1520531884361718784.000000 5.475117207 -0.191700876 0.954360783 -0.011105644 0.249077648 0.056400422 0.966776073
1520531884561725696.000000 5.430537701 -0.177425340 1.040422559 -0.042543974 0.313865513 0.088378474 0.944387436
1520531885111783680.000000 5.227084637 -0.170309439 1.147742629 -0.077879421 0.578191996 0.075188674 0.808687508
1520531885561571584.000000 5.052696705 -0.157742366 1.104988575 -0.012194923 0.782965004 0.021938533 0.621559203
1520531886009553664.000000 4.827178001 -0.152682453 1.067503810 0.031102641 0.802971900 -0.001502106 0.595202863
1520531886359019008.000000 4.616552830 -0.133453548 1.062984467 0.048042025 0.784894228 -0.021134449 0.617402852
1520531886609027072.000000 4.470842361 -0.140170559 1.062028408 0.057136171 0.772805333 -0.019925345 0.631751776
1520531886909123328.000000 4.271895885 -0.119353697 1.074185014 0.013402407 0.736430585 -0.020489927 0.676069915
1520531887259710208.000000 4.060064316 -0.116182886 1.115075469 -0.013893983 0.679585755 -0.011953890 0.733367085
1520531887560504576.000000 3.881461382 -0.106794387 1.136571646 -0.023369925 0.706053197 -0.011810801 0.707674563
1520531887910391552.000000 3.682582378 -0.093684934 1.131447554 -0.042867769 0.758265138 -0.002692827 0.650529861
1520531888210400512.000000 3.516069651 -0.096950784 1.106349945 -0.040194493 0.789289773 0.011698986 0.612592220
1520531888460189696.000000 3.389608622 -0.080452390 1.062075377 -0.040307198 0.842575729 -0.004266017 0.537050545
1520531888759270912.000000 3.274114609 -0.082038321 0.981268644 -0.023625901 0.916293085 -0.015841644 0.399497032
1520531889107435776.000000 3.194656849 -0.065486081 0.850046396 -0.052919518 0.974335074 -0.028720910 0.216900349
1520531889407444736.000000 3.224128962 -0.082943171 0.764186502 -0.058938537 0.993734777 -0.075702347 -0.057328820
1520531889855609600.000000 3.314653158 -0.087830298 0.838554919 0.012676414 -0.818056643 0.130752251 0.559934378
1520531890255669504.000000 3.347681046 -0.080300026 1.032903194 -0.023358995 -0.602408290 0.051403455 0.796188593
1520531890659835904.000000 3.421433449 -0.083508372 1.163103700 -0.047893070 -0.484704167 0.003531104 0.873358846
1520531891661946880.000000 3.936244011 -0.108282447 1.113896251 -0.057404898 -0.730692089 -0.040171474 0.679102361
1520531892110646528.000000 4.192559719 -0.117791288 1.040898204 -0.053002749 -0.787337005 0.016767045 0.614011467
1520531892560090624.000000 4.466382504 -0.138182580 1.050494790 0.001180737 -0.724088371 0.083656751 0.684613943
1520531893010216448.000000 4.717018127 -0.128203928 1.156842709 0.010249214 -0.547987461 0.080986977 0.832493722
1520531893462003712.000000 4.851704121 -0.112452738 1.355909348 0.033739321 -0.274632901 0.057508886 0.959234655
1520531893912017920.000000 4.928684235 -0.111047745 1.571447968 0.044135991 -0.137244150 0.016681142 0.989412844
1520531894412033792.000000 5.039251328 -0.135304496 1.836193323 -0.004138018 -0.115296416 -0.060298286 0.991490662
1520531894860607488.000000 5.255952358 -0.139956474 2.020637512 -0.029535849 -0.353491932 -0.092834637 0.930350900
1520531895260156672.000000 5.489799500 -0.132418960 2.104344606 -0.033303659 -0.525986731 -0.073631324 0.846644700
1520531895659131904.000000 5.728487015 -0.124691375 2.163740873 -0.002551055 -0.608309209 -0.029902160 0.793132544
1520531896009143808.000000 5.941278934 -0.150086895 2.186185122 0.001782225 -0.686381996 -0.015463704 0.727074564
1520531896307465984.000000 6.131546021 -0.154697359 2.214462042 -0.005569146 -0.678150296 -0.000104934 0.734902143
1520531896555986432.000000 6.282205582 -0.173117816 2.242539406 -0.009494315 -0.655248821 0.015717393 0.755189955
1520531896805993472.000000 6.448533058 -0.181830749 2.267553806 -0.011790233 -0.664406359 0.058923595 0.744951785
1520531897054912768.000000 6.598600864 -0.188441113 2.271458387 0.006658202 -0.684433520 0.031534936 0.728362560
1520531897354433536.000000 6.784684658 -0.178397149 2.279176235 0.011003036 -0.679189324 0.032562900 0.733157873
1520531897504438528.000000 6.872159958 -0.184273794 2.287682772 0.033274535 -0.663372457 0.036727075 0.746646464
1520531897705037056.000000 6.997143745 -0.178196639 2.300371408 0.022059124 -0.671387136 0.040571138 0.739666641
1520531897905042944.000000 7.123874187 -0.185701266 2.313978195 0.013249106 -0.685451865 0.045128413 0.726597250
1520531898055046912.000000 7.210426331 -0.195542961 2.319774866 0.015468863 -0.689216256 0.035915107 0.723499715
1520531898207044352.000000 7.301748753 -0.189322665 2.328425646 0.017589150 -0.684752882 0.022687335 0.728209734
1520531898407050240.000000 7.428067207 -0.193346262 2.339491367 0.002872616 -0.679235697 0.017170824 0.733713686
1520531898658915840.000000 7.576770306 -0.208911821 2.357431889 0.020721944 -0.661899328 0.036000866 0.748440921
1520531898958044416.000000 7.762733459 -0.214843661 2.382744551 0.005271845 -0.652707279 0.032264560 0.756904483
1520531899208052480.000000 7.913708687 -0.229968160 2.388917685 -0.004137961 -0.658340693 0.044302121 0.751403868
1520531899356673280.000000 8.000994682 -0.227331728 2.389707088 0.002175341 -0.643572032 0.051602457 0.763640940
1520531899606681344.000000 8.133893967 -0.231894851 2.384574413 -0.002413233 -0.615509093 0.025509179 0.787713170
1520531899855560704.000000 8.262777328 -0.236722276 2.366001129 -0.013735687 -0.630297601 0.055553537 0.774241626
1520531900055566592.000000 8.355327606 -0.243570223 2.342586756 -0.017257277 -0.642471731 0.055996362 0.764065862
1520531900204764160.000000 8.413496017 -0.253906220 2.322050810 -0.020600596 -0.653979540 0.059651885 0.753875375
1520531900454770944.000000 8.491147995 -0.261132717 2.287870169 -0.011704854 -0.650916815 0.081707187 0.754648387
1520531900654562816.000000 8.532716751 -0.259944677 2.268409729 0.005208867 -0.640027881 0.073268615 0.764832616
1520531901004889088.000000 8.593761444 -0.260532528 2.244257212 -0.008402608 -0.674956441 0.065533608 0.734893560
1520531902455614976.000000 8.612470627 -0.262418181 2.233498335 -0.004500268 -0.708251119 0.022965942 0.705572605
1520531902755707136.000000 8.618237495 -0.258874238 2.220357180 -0.001927584 -0.736160338 0.038076736 0.675732493
1520531903055785472.000000 8.620803833 -0.253094703 2.201551676 0.005203370 -0.756563544 0.024348797 0.653446019
1520531903255791360.000000 8.617895126 -0.255373538 2.190607548 0.007412814 -0.758783519 0.026729213 0.650752008
1520531903605820160.000000 8.610633850 -0.258575827 2.170889616 0.007158485 -0.756771564 0.022824638 0.653241575
1520531903855729664.000000 8.604434013 -0.259666055 2.154640913 -0.007357517 -0.781615198 0.007982856 0.623666465
1520531904105736704.000000 8.600199699 -0.252314091 2.113752604 -0.014430176 -0.863275170 0.000594127 0.504526973
1520531904355492352.000000 8.576327324 -0.236835122 2.046685457 0.023860777 0.941665769 0.023353167 -0.334889263
1520531904704770560.000000 8.561735153 -0.234952047 1.955864191 -0.005732990 0.974200845 0.026468383 -0.224051937
1520531904904776448.000000 8.568737984 -0.245653942 1.907165647 -0.006806842 0.978794575 0.012760418 -0.204333261
1520531905054276096.000000 8.588927269 -0.250588328 1.866856217 -0.000203335 0.982849300 -0.001030221 -0.184407696
1520531905254283008.000000 8.614064217 -0.256065995 1.803924203 0.001241006 0.987740934 -0.008022084 -0.155890822
1520531905404286976.000000 8.631177902 -0.266045779 1.756328821 0.012348674 0.991879463 0.006275098 -0.126425147
1520531905603940096.000000 8.652887344 -0.271574050 1.684504867 0.021896996 0.994412005 0.054073673 -0.087984458
1520531905803946240.000000 8.680162430 -0.271797001 1.603668094 0.027698951 0.994390607 0.071664177 -0.072693683
1520531905954400512.000000 8.705224991 -0.287690550 1.545099974 0.014738491 0.997724414 0.032518283 -0.057195142
1520531906154406400.000000 8.751806259 -0.303263634 1.481396675 0.001158492 0.998799741 0.030348442 -0.038428519
1520531906404664576.000000 8.829194069 -0.316907227 1.407360673 -0.011003870 0.999864280 0.011844994 -0.003164902
1520531906604671488.000000 8.902821541 -0.332527608 1.356763124 -0.026583882 0.999331892 -0.000620004 -0.025073500
1520531906854350592.000000 9.015132904 -0.329075933 1.297800303 -0.036820065 0.990305364 -0.028500240 -0.130871341
1520531907104072960.000000 9.131422997 -0.337992013 1.255139589 -0.023669956 0.970409036 -0.029111739 -0.238534257
1520531907304078080.000000 9.218717575 -0.342980206 1.230443597 -0.011186817 0.949173629 -0.014033391 -0.314240843
1520531907504112896.000000 9.298984528 -0.338940084 1.188043952 0.007926057 0.941350520 -0.023359168 -0.336527467
1520531907754120960.000000 9.370601654 -0.347344428 1.109719396 0.009361872 0.965847135 0.009672213 -0.258762628
1520531908004072704.000000 9.431060791 -0.342347294 1.008464336 0.038443729 0.973771870 0.006281482 -0.224167392
1520531908154077696.000000 9.459617615 -0.352463424 0.946671188 0.045593377 0.978389621 -0.005359166 -0.201609269
1520531908353939968.000000 9.492838860 -0.364113450 0.867122769 0.044032972 0.983250737 -0.011400235 -0.176491231
1520531908503945216.000000 9.516835213 -0.369500220 0.801139295 0.050259557 0.986362159 -0.033558898 -0.153093085
1520531908703951104.000000 9.531198502 -0.379766315 0.707004786 0.038949393 0.995315552 -0.047784228 -0.074475549
1520531908953767424.000000 9.523924828 -0.392709225 0.593284607 0.026335688 0.996348679 -0.065071344 0.048595212
1520531909103772416.000000 9.510935783 -0.400510877 0.529450178 0.020493425 0.989349604 -0.107171200 0.096341811
1520531909353803520.000000 9.459884644 -0.417071253 0.461561978 0.002665650 0.958285868 -0.111046597 0.263343394
1520531909553929472.000000 9.407655716 -0.425541759 0.452178091 -0.024243303 0.885340989 -0.117899247 0.449091703
1520531909953850880.000000 9.360585213 -0.425081700 0.544950128 -0.046848886 0.667766452 -0.081602149 0.738399804
1520531910203858688.000000 9.366703987 -0.419634789 0.647032976 -0.059413485 0.538994193 -0.055041298 0.838406682
1520531910454195712.000000 9.378208160 -0.404365748 0.751719236 -0.029101497 0.374101609 -0.029949324 0.926447034
1520531910654201856.000000 9.393200874 -0.404032737 0.835431159 -0.042375837 0.226169646 -0.015968947 0.973034739
1520531910904166144.000000 9.425912857 -0.417366505 0.919276178 -0.065442741 0.037200835 -0.006316834 0.997142673
1520531911104172288.000000 9.467822075 -0.414315850 0.968340397 -0.055595458 -0.100366674 0.007051096 0.993371010
1520531911303877376.000000 9.514827728 -0.413896650 0.996393919 -0.086284168 -0.185904056 0.007752192 0.978741348
1520531911503884544.000000 9.557612419 -0.410615116 0.998883128 -0.077027582 -0.311379582 0.022290044 0.946896315
1520531911704035584.000000 9.585964203 -0.392324716 0.989411891 -0.043060273 -0.492918432 0.017907359 0.868824840
1520531911904041728.000000 9.586511612 -0.366915226 0.992525280 -0.024306981 -0.633391201 0.009447010 0.773392260
1520531912104814080.000000 9.571258545 -0.334047705 1.009941578 0.011867285 -0.712047696 -0.056007832 0.699793100
1520531912354822144.000000 9.537616730 -0.286712050 1.030393481 0.091673516 -0.753137469 -0.158187523 0.631946683
1520531912505153024.000000 9.511111259 -0.267898172 1.044700861 0.138826117 -0.757118881 -0.209276095 0.603076935
1520531913155518976.000000 9.459285736 -0.381343335 1.100299239 -0.061882898 -0.819362044 0.035105128 0.568844378
1520531913455012352.000000 9.422677040 -0.437198550 1.136737108 -0.131596059 -0.814302444 0.165774792 0.540474534
1520531913754487040.000000 9.402742386 -0.418737441 1.162897468 -0.077055782 -0.834125400 0.105935857 0.535793662
1520531914054633728.000000 9.389809608 -0.350380421 1.176034808 0.021426408 -0.834022582 -0.071053132 0.546716273
1520531914354643712.000000 9.370391846 -0.289973497 1.190066099 0.080134146 -0.813856304 -0.180217057 0.546569526
1520531914655347712.000000 9.370413780 -0.292882115 1.165804863 -0.050378375 0.875113487 0.138550192 -0.460914612
1520531915304253696.000000 9.282489777 -0.402995795 1.105097055 0.037004270 0.984598696 -0.103158318 -0.136214644
1520531915704029184.000000 9.160533905 -0.400965780 1.127402186 0.043283962 0.992687941 -0.107852474 -0.032633737
1520531916004038144.000000 9.037220955 -0.356610954 1.169545770 0.035401836 0.993194997 -0.046141375 0.100902684
1520531916354128128.000000 8.887659073 -0.314245313 1.239341617 0.047103364 0.924719632 -0.013504173 0.377481788
1520531916704458240.000000 8.790224075 -0.315496385 1.347089410 0.047090612 0.779388428 -0.016317956 0.624555767
1520531916954922240.000000 8.737853050 -0.303054154 1.435442567 0.051303059 0.675380111 -0.024448857 0.735276818
1520531917254931200.000000 8.687261581 -0.308078706 1.539470673 0.043912690 0.556746364 -0.015805529 0.829370439
1520531917455823616.000000 8.654263496 -0.303827584 1.607209921 0.034666028 0.468184888 -0.020140007 0.882720530
1520531917605827584.000000 8.631256104 -0.304736942 1.654194593 0.026904041 0.407172948 -0.015677234 0.912820160
1520531917705830656.000000 8.618437767 -0.305422932 1.684526801 0.034221195 0.369714767 -0.015976913 0.928377450
1520531917807013888.000000 8.603607178 -0.302961916 1.718418121 0.040316202 0.329092741 -0.010225126 0.943381131
1520531917907016960.000000 8.588483810 -0.299060404 1.753797770 0.047980528 0.301115960 -0.010263295 0.952324390
1520531918007020032.000000 8.576405525 -0.295168698 1.790916085 0.041749083 0.283778608 -0.014604502 0.957869232
1520531918206300416.000000 8.553899765 -0.292104363 1.868106246 0.029741818 0.234452918 -0.009885728 0.971622109
1520531918555592704.000000 8.518203735 -0.279288590 2.023892879 -0.011289117 0.114642955 -0.013612466 0.993249357
1520531918855601664.000000 8.544040680 -0.291467249 2.143460751 0.011449457 -0.068542525 -0.037455492 0.996879101
1520531919205143808.000000 8.667655945 -0.298873365 2.262645721 -0.011660564 -0.344039142 -0.038226668 0.938104391
1520531919505845760.000000 8.801129341 -0.302501351 2.322030544 -0.009337022 -0.540775895 -0.014065661 0.840997279
1520531919807962112.000000 8.922170639 -0.334987819 2.359504938 -0.043903191 -0.665616691 -0.025506664 0.744564533
1520531920107972096.000000 9.046930313 -0.350452870 2.380612373 -0.027369061 -0.716181040 0.013623917 0.697244585
1520531920409490688.000000 9.189769745 -0.347637117 2.436806917 -0.017864812 -0.707688093 -0.014415979 0.706151962
1520531920760285952.000000 9.382257462 -0.330437779 2.472610950 -0.001523112 -0.717920661 -0.010330365 0.696046650
1520531921109936896.000000 9.597777367 -0.302635133 2.469393015 0.037458923 -0.725603104 -0.014237613 0.686945617
1520531921458446848.000000 9.811274529 -0.322422713 2.493774176 0.046541139 -0.674580932 0.045424413 0.735330582
1520531921808457728.000000 10.035236359 -0.341359973 2.521664858 0.002870217 -0.679014683 0.055090610 0.732049108
1520531922106722816.000000 10.224081039 -0.341708332 2.531888247 -0.006711496 -0.678183019 0.057813834 0.732584655
1520531922455665920.000000 10.427277565 -0.374594033 2.590079784 -0.003262256 -0.587179124 0.141108975 0.797056019
1520531922755563776.000000 10.589871407 -0.368422329 2.663007021 0.014351217 -0.520466149 0.155354112 0.839508235
1520531923005571840.000000 10.701588631 -0.368801564 2.733975172 0.019930681 -0.457825929 0.117948525 0.880957603
1520531923257321984.000000 10.789052963 -0.375180393 2.824896574 -0.018820422 -0.330578923 0.154383898 0.930875361
1520531923508619264.000000 10.840406418 -0.387945682 2.922157049 -0.023814542 -0.178922340 0.200160906 0.962992847
1520531923708625408.000000 10.869428635 -0.385034382 3.004567862 -0.028689891 -0.104459673 0.210537285 0.971565306
1520531924207116544.000000 10.891550064 -0.375302672 3.233490229 -0.046264034 0.069365397 0.206868052 0.974809587
1520531924355544064.000000 10.883783340 -0.370387673 3.300750017 -0.049562011 0.119551271 0.200017452 0.971207559
1520531924505549056.000000 10.863886833 -0.354789406 3.363170385 -0.027397625 0.190038443 0.197489262 0.961318254
1520531924655554048.000000 10.829646111 -0.330097407 3.421305656 -0.017907949 0.243807152 0.184763372 0.951892793
1520531924854739712.000000 10.766318321 -0.301216334 3.487279654 -0.000182376 0.318846822 0.146009684 0.936492324
1520531925004743680.000000 10.710512161 -0.283336669 3.522829294 0.006063391 0.377965927 0.115843050 0.918523490
1520531925254575616.000000 10.602258682 -0.265985131 3.562459946 0.041593965 0.489237875 0.056823954 0.869302750
1520531925404580864.000000 10.536044121 -0.285542369 3.580252171 0.035237890 0.556586027 0.024418987 0.829683065
1520531925504889856.000000 10.490823746 -0.313241243 3.590038776 0.008551357 0.592266262 -0.013658803 0.805581152
1520531925704895744.000000 10.394540787 -0.380656689 3.610322237 -0.057654321 0.634280801 -0.092570767 0.765372157
1520531925804899840.000000 10.346010208 -0.415302455 3.627884626 -0.072257243 0.643308818 -0.116732076 0.753197372
1520531926004678656.000000 10.258925438 -0.480235338 3.682385445 -0.080501355 0.630080938 -0.106080644 0.765025735
1520531926104681728.000000 10.220326424 -0.508224010 3.717547655 -0.094939671 0.608458459 -0.112025805 0.779881418
1520531926304687872.000000 10.152931213 -0.537510753 3.801438332 -0.117050692 0.549521506 -0.123009592 0.818042755
1520531926454548992.000000 10.105672836 -0.525704920 3.876380205 -0.102924243 0.500600457 -0.109645002 0.852516115
1520531926604553984.000000 10.071931839 -0.507001281 3.957832336 -0.067984544 0.435274363 -0.075858936 0.894516468
1520531926855338496.000000 10.019203186 -0.421333790 4.094822407 -0.002388172 0.312757075 -0.017448118 0.949669898
1520531927055345408.000000 10.004325867 -0.344981253 4.194299698 0.030421387 0.200422019 0.010927981 0.979176223
1520531927305408768.000000 10.051719666 -0.271778762 4.304298401 0.066106290 0.028373625 0.018731622 0.997233152
1520531927455413760.000000 10.100570679 -0.246323079 4.362331867 0.099130303 -0.064392418 0.030589141 0.992517531
1520531927655510016.000000 10.176167488 -0.260689080 4.432615757 0.073735587 -0.177674547 0.048134688 0.980141759
1520531927905519104.000000 10.277564049 -0.319859862 4.500425816 0.027446559 -0.328271925 0.043528620 0.943180501
1520531928056096768.000000 10.337769508 -0.364953786 4.527744770 -0.034174096 -0.415272802 0.049572200 0.907702148
1520531928206101760.000000 10.389966965 -0.414653569 4.535508633 -0.102565341 -0.497266352 0.074920826 0.858250201
1520531928354695168.000000 10.440219879 -0.455012113 4.525856972 -0.140082240 -0.559890926 0.088628702 0.811815262
1520531928454697216.000000 10.474494934 -0.466060758 4.516003132 -0.146321088 -0.599030256 0.067629442 0.784333587
1520531928554700288.000000 10.511556625 -0.466206491 4.501555443 -0.152031422 -0.633516788 0.044710182 0.757326841
1520531928704718336.000000 10.570240974 -0.447843075 4.475583553 -0.161504567 -0.692952573 0.029076874 0.702059567
1520531928854780160.000000 10.627980232 -0.409740359 4.441449165 -0.148935840 -0.759024739 0.001209750 0.633796573
1520531928954783232.000000 10.663957596 -0.373233676 4.412869453 -0.132017151 -0.798702955 -0.026899723 0.586448193
1520531929104788224.000000 10.709199905 -0.309567899 4.371131897 -0.098220505 -0.852416337 -0.052884229 0.510825276
1520531929256791552.000000 10.742532730 -0.255352497 4.325061798 0.086334176 0.895108521 0.082398556 -0.429578483
1520531929406796544.000000 10.756277084 -0.205355510 4.271862507 0.057597522 0.931847155 0.107871555 -0.341624290
1520531929556801536.000000 10.753846169 -0.157385752 4.204964638 0.009242702 0.963815987 0.127080232 -0.234145179
1520531929756780032.000000 10.727147102 -0.124355607 4.100924969 -0.086082034 0.982975066 0.124279223 -0.104424827
1520531930007136768.000000 10.638090134 -0.162750661 3.970134974 -0.188826427 0.975686610 0.096261427 0.055803113
1520531930157141760.000000 10.575087547 -0.223033383 3.902652025 -0.263611466 0.950126410 0.063925907 0.153890312
1520531930407126016.000000 10.489161491 -0.347274423 3.832426548 -0.416971892 0.859945714 0.052684452 0.289572328
1520531930707136000.000000 10.407338142 -0.459500313 3.797796011 -0.522756338 0.732943237 0.142840788 0.411237806
1520531930955741952.000000 10.344902039 -0.515615821 3.798253059 -0.541488051 0.602445126 0.274036467 0.518415451
1520531931255135488.000000 10.278614998 -0.544347286 3.825272560 -0.434020579 0.393834323 0.509704709 0.629858494
1520531931505143552.000000 10.229303360 -0.523973107 3.860849142 -0.270035833 0.230319366 0.674407363 0.647462964
1520531932355802368.000000 10.088953018 -0.329132497 4.113104820 0.199601680 0.026494116 0.623362243 0.755563855
1520531932705820928.000000 10.053448677 -0.258315176 4.247492790 0.331871122 -0.031037610 0.247991204 0.909614503
1520531933207927552.000000 10.132277489 -0.295327723 4.470339775 0.043442972 -0.230372891 -0.373161495 0.897658944
1520531934156681216.000000 10.607983589 -0.417266548 4.383174419 0.595432580 0.634216726 0.322039098 -0.373523742
1520531934456691200.000000 10.668237686 -0.392880857 4.250319958 0.569506466 0.758614540 0.191811174 -0.251743585
1520531934856087808.000000 10.661828041 -0.333266526 4.075866222 0.338784635 0.936793089 0.069539681 -0.052989744
1520531935156262912.000000 10.594414711 -0.332440078 3.983360767 0.106111772 0.993551731 0.021279277 0.033799525
1520531935507641344.000000 10.550028801 -0.382239223 3.884786844 -0.272666365 0.961939871 -0.017665869 -0.003556656
1520531935707647232.000000 10.582559586 -0.410645306 3.810819387 -0.398649365 0.912258446 -0.022748088 -0.091355205
1520531935957070592.000000 10.657238007 -0.410516620 3.694920778 -0.436776876 0.877133310 -0.045994528 -0.194287524
1520531936158873088.000000 10.735660553 -0.410508186 3.599038124 -0.345343143 0.894452393 -0.097838178 -0.266684622
1520531936308877056.000000 10.789434433 -0.409743935 3.526202679 -0.234037936 0.921364129 -0.135311007 -0.279294223
1520531936659040512.000000 10.873499870 -0.393795758 3.339411020 0.018987322 0.968480289 -0.125368327 -0.214401856
1520531937007964672.000000 10.939313889 -0.384489357 3.141502619 0.102037892 0.979591072 -0.086937368 -0.149771407
1520531937356939264.000000 10.989462852 -0.381580263 2.980177879 0.047271207 0.982639313 -0.124445729 -0.129223466
1520531937857427456.000000 11.151406288 -0.385643572 2.785824299 0.044248108 0.938508749 -0.136628211 -0.313968420
1520531938308312064.000000 11.362420082 -0.386809319 2.678474188 -0.022577275 -0.849673510 0.147942707 0.505626500
1520531938657175808.000000 11.521772385 -0.385298520 2.650146961 0.021821016 -0.723832548 0.138983995 0.675480425
1520531939055948800.000000 11.664078712 -0.392837614 2.754683018 0.035447553 -0.384380013 0.185898066 0.903569281
1520531939355957760.000000 11.721125603 -0.389892787 2.866415262 0.000740111 -0.169625491 0.186685964 0.967664719
1520531939905188096.000000 11.716344833 -0.375220984 3.069194078 -0.029717509 0.183332384 0.067875974 0.980254531
1520531940105193984.000000 11.686897278 -0.374151319 3.145405531 -0.025227997 0.269344896 0.037087303 0.961998641
1520531940355073792.000000 11.647699356 -0.376006067 3.254467487 -0.040819831 0.271378607 -0.006408149 0.961585343
1520531940505078784.000000 11.624891281 -0.385446757 3.321013927 -0.045319948 0.250123680 -0.032511692 0.966606021
1520531940655006976.000000 11.603445053 -0.385671675 3.395599127 -0.040381249 0.226176426 -0.063329555 0.971186340
1520531940905013760.000000 11.570268631 -0.388600409 3.520724297 -0.046093117 0.182849601 -0.078899801 0.978885233
1520531941155329792.000000 11.533398628 -0.387000263 3.644231796 -0.038634535 0.157819554 -0.077600501 0.983655691
1520531941355334656.000000 11.511392593 -0.383607119 3.750131130 -0.074243739 0.108155087 -0.058298301 0.989642203
1520531941605432320.000000 11.492650032 -0.389392495 3.873134136 -0.050425339 0.080191970 -0.017484330 0.995349586
1520531941855093248.000000 11.468091965 -0.382500887 4.003517151 -0.059340965 0.100424513 -0.025021609 0.992858231
1520531942105101312.000000 11.444026947 -0.383099586 4.124379635 -0.031776205 0.115106374 -0.025486378 0.992517650
1520531942354958848.000000 11.435109138 -0.372237116 4.253932953 -0.044567045 0.095914684 -0.014016451 0.994292557
1520531942604966656.000000 11.425568581 -0.381912798 4.379373550 -0.059097249 0.075871997 -0.014026282 0.995265901
1520531942904929280.000000 11.424374580 -0.376560807 4.531127453 -0.076485947 0.065836631 -0.028235763 0.994493961
1520531943105489152.000000 11.434969902 -0.380750418 4.623188496 -0.079216354 -0.011451025 -0.036840416 0.996110678
1520531943305599232.000000 11.469267845 -0.377737552 4.690361500 -0.061907001 -0.167238086 -0.008796272 0.983931720
1520531943455500288.000000 11.509836197 -0.376960456 4.715816975 -0.060032789 -0.324190885 -0.006582202 0.944061995
1520531943756305152.000000 11.588555336 -0.394245178 4.657367706 -0.065432705 -0.672156811 0.025929552 0.737055957
1520531944105513728.000000 11.607186317 -0.406349748 4.473169804 0.055717085 0.891787291 -0.070389107 -0.443459570
1520531944405552128.000000 11.590391159 -0.382987171 4.301991940 0.009424084 0.973413050 -0.040503297 -0.225250334
1520531944705455360.000000 11.562418938 -0.387972146 4.138315201 -0.021205284 0.995759189 -0.074424140 -0.049749557
1520531944955463424.000000 11.534551620 -0.396466196 4.015934467 -0.023521174 0.994398117 -0.101040497 0.020246474
1520531945155086080.000000 11.520744324 -0.396347165 3.920902491 -0.052989602 0.992293000 -0.112002730 -0.001430190
1520531945455096064.000000 11.520008087 -0.404663235 3.785410643 -0.110350266 0.989145577 -0.078929305 -0.056426626
1520531945654979584.000000 11.545009613 -0.410672396 3.700824499 -0.112538554 0.981513143 -0.101111159 -0.117233008
1520531945904987648.000000 11.602834702 -0.417911768 3.614362717 -0.115138687 0.957884610 -0.099469215 -0.243528217
1520531946155398912.000000 11.688255310 -0.399362832 3.548485041 -0.103935078 0.905206740 -0.083628438 -0.403490394
1520531946556745984.000000 11.841345787 -0.393338233 3.510403395 0.070893638 -0.766634762 0.069296524 0.634384155
1520531946907384064.000000 11.990581512 -0.410113990 3.500543118 0.033128455 -0.703139663 0.090409435 0.704502165
1520531947258182656.000000 12.137355804 -0.416718692 3.520857334 0.016460234 -0.620674789 0.093862496 0.778255582
1520531947707906816.000000 12.313874245 -0.437941134 3.615170479 0.022458307 -0.429069847 0.120479874 0.894918621
1520531948056844544.000000 12.387800217 -0.463726163 3.745943069 -0.019011827 -0.190170184 0.165709525 0.967478275
1520531948356853504.000000 12.372136116 -0.459258050 3.843461990 -0.016920866 0.175662026 0.165490374 0.970293522
1520531948755807488.000000 12.291176796 -0.438092351 3.830719471 0.014217750 0.653689325 0.092445835 0.750960648
1520531949255460864.000000 12.177565575 -0.434109658 3.642506361 0.111691445 0.857491314 -0.126118079 0.486135691
1520531949905511168.000000 11.941799164 -0.456517071 3.558602571 0.124340266 0.628938854 -0.187720716 0.744134605
1520531950355454976.000000 11.828516006 -0.431566834 3.671668768 -0.001061855 0.300757349 -0.065026745 0.951480627
1520531950705613312.000000 11.855238914 -0.425755531 3.775057554 -0.064440064 0.001099849 0.019375065 0.997732878
1520531951205518336.000000 11.912405968 -0.425912112 3.722623110 -0.107481696 -0.428287148 0.083568871 0.893327534
1520531951605635328.000000 11.864048004 -0.403780371 3.573801756 -0.056436487 -0.653790176 0.035184570 0.753747582
1520531952056676608.000000 11.757489204 -0.374770612 3.381963015 -0.030913791 -0.821289241 0.004233978 0.569658101
1520531952457685760.000000 11.705099106 -0.381846458 3.219938993 0.011163396 0.914969504 0.000939936 -0.403367370
1520531952856920064.000000 11.715806007 -0.395579070 3.078222990 0.021415599 0.892754138 0.001171106 -0.450033367
1520531953306469888.000000 11.782680511 -0.401145130 2.943207026 -0.000179158 -0.821858406 -0.013804394 0.569524467
1520531953806262528.000000 11.889392853 -0.413964748 2.810313702 -0.004960314 -0.773038507 -0.030578049 0.633602262
1520531954156592640.000000 11.982273102 -0.417712301 2.755902767 0.016271135 -0.668748140 -0.006737223 0.743280470
1520531954506606592.000000 12.092507362 -0.426139683 2.729411602 0.008818260 -0.562054157 0.012752698 0.826955140
1520531954907213824.000000 12.276741028 -0.423607677 2.692101955 0.009961331 -0.633170426 0.000034290 0.773948312
1520531955258071552.000000 12.464317322 -0.427846193 2.687027454 -0.014820240 -0.624391556 0.009199081 0.780916691
1520531955858671616.000000 12.792919159 -0.450891912 2.747090340 -0.014958535 -0.636174381 0.024904532 0.770998180
1520531956257844992.000000 13.023840904 -0.459608138 2.792672157 -0.046016477 -0.642740905 0.046859078 0.763263285
1520531956606787072.000000 13.210499763 -0.468038648 2.857880831 -0.044508118 -0.638966560 0.035864409 0.767107844
1520531957006286336.000000 13.431295395 -0.480429858 2.907523870 -0.024363648 -0.697996795 -0.006925364 0.715652764
1520531957406751232.000000 13.661618233 -0.492904186 2.915431738 -0.084101304 -0.751440287 -0.027259788 0.653851151
1520531957857722624.000000 13.882745743 -0.500981331 2.848185062 0.112757005 0.863013685 0.018818777 -0.492076337
1520531958206905344.000000 14.003462791 -0.494079769 2.736099482 0.114098594 0.936786115 0.043401681 -0.327916950
1520531958655947008.000000 14.116041183 -0.497093678 2.561665058 0.106757015 0.979317784 0.019005151 -0.170817018
1520531959055587584.000000 14.183579445 -0.511766732 2.388702869 0.007728301 0.990595698 -0.007796962 -0.136380628
1520531959405598464.000000 14.284700394 -0.512888491 2.242221355 -0.046214968 0.958795309 -0.040758025 -0.277334541
1520531959555462912.000000 14.349131584 -0.523195505 2.204272509 -0.053515814 0.915872335 -0.064955644 -0.392548978
1520531959755468800.000000 14.444035530 -0.520593822 2.170687199 0.051036071 -0.845862687 0.050638553 0.528533280
1520531959955553024.000000 14.542509079 -0.529713929 2.144022226 0.006808146 -0.792553663 0.051284164 0.607603788
1520531960205561088.000000 14.654364586 -0.544194996 2.101959467 -0.036429312 -0.785288215 0.015746942 0.617857039
1520531960405583872.000000 14.751267433 -0.551957011 2.055492640 -0.109136447 -0.792489886 0.019044444 0.599738598
1520531960655611392.000000 14.857046127 -0.572852314 1.976280451 -0.150884196 -0.843264341 0.006807383 0.515841901
1520531960905617408.000000 14.950012207 -0.570602536 1.873060346 0.147956952 0.903909981 -0.042937499 -0.399013609
1520531961155810304.000000 15.017560959 -0.574851394 1.757927299 0.098441102 0.961861074 -0.038627267 -0.252270758
1520531961405818368.000000 15.072908401 -0.564621568 1.634584665 0.077669196 0.984478474 -0.027528208 -0.154957399
1520531961605647104.000000 15.112735748 -0.565657437 1.534787416 0.057001274 0.992041230 -0.041945413 -0.104142293
1520531961855654912.000000 15.153933525 -0.561241448 1.413035989 0.035424922 0.996511698 -0.027099369 -0.070534334
1520531962105487872.000000 15.191569328 -0.564311206 1.285490155 0.021012500 0.997294843 -0.042748693 -0.055982824
1520531962355483136.000000 15.221578598 -0.564306855 1.158278704 -0.042559423 0.996875167 -0.024749916 -0.061774518
1520531962605490944.000000 15.278116226 -0.571391284 1.035386324 -0.084178261 0.981358707 -0.083285034 -0.151369289
1520531962856395008.000000 15.363848686 -0.582248449 0.947569251 -0.121687979 0.947249651 -0.093822010 -0.281260610
1520531963106402816.000000 15.475079536 -0.592766702 0.893166780 -0.126935259 0.893111050 -0.130198374 -0.411446750
1520531963407001344.000000 15.617583275 -0.610438466 0.894118369 0.084467165 -0.780313790 0.160201892 0.598590851
1520531963656047104.000000 15.716746330 -0.608135521 0.937520444 0.040993962 -0.631213844 0.169886917 0.755663335
1520531963906054144.000000 15.763644218 -0.609551907 1.022082090 0.010126793 -0.439368546 0.131254762 0.888608396
1520531964305736448.000000 15.759527206 -0.616418183 1.160369754 -0.041815504 -0.147846520 0.123795271 0.980340540
1520531964555822592.000000 15.706059456 -0.612114251 1.209595323 -0.057742700 0.091173708 0.115613461 0.987414122
1520531964755839232.000000 15.651054382 -0.595831156 1.209502578 -0.067726634 0.280404061 0.110727772 0.951065719
1520531965055848192.000000 15.561124802 -0.575038910 1.154403448 -0.049458064 0.491358459 0.097831793 0.864031076
1520531965355924480.000000 15.471140862 -0.572589278 1.056921005 -0.009822957 0.642210007 0.028488956 0.765936136
1520531965655962368.000000 15.372398376 -0.571312666 0.988670886 0.016649829 0.707900226 -0.030105872 0.705474079
1520531965955971584.000000 15.266880035 -0.588120937 0.973110855 0.037675660 0.694417059 -0.087896630 0.713189781
1520531966256036864.000000 15.160667419 -0.579582632 1.039702058 0.007082148 0.545149565 -0.106151067 0.831561029
1520531966605914624.000000 15.113140106 -0.566035748 1.187163711 0.008555302 0.318230748 -0.031423919 0.947453678
1520531967005813248.000000 15.090858459 -0.558786631 1.367654443 0.000608096 0.211149544 0.035111688 0.976822734
1520531967355720960.000000 15.057317734 -0.554553092 1.531437635 -0.025350902 0.166821331 0.037039157 0.984965026
1520531967655591168.000000 15.027549744 -0.560468912 1.670106530 0.011506830 0.103654809 0.038829263 0.993788481
1520531968005602048.000000 14.960966110 -0.560023129 1.816807270 -0.040839594 0.200386003 0.052466847 0.977458358
1520531968305634304.000000 14.873608589 -0.550254345 1.916128635 -0.046022616 0.340954721 0.094115593 0.934223771
1520531968555948032.000000 14.784707069 -0.551113605 1.992749929 -0.093285628 0.427883983 0.111461438 0.892070293
1520531968755953920.000000 14.707262039 -0.549937963 2.038142681 -0.094266549 0.506485820 0.107355051 0.850329876
1520531969006065920.000000 14.603742599 -0.540821373 2.069695473 -0.126978025 0.621431231 0.090726808 0.767768443
1520531969355883008.000000 14.461536407 -0.534029126 2.045751333 -0.139574930 0.777795732 0.052166101 0.610599101
1520531969655932416.000000 14.343741417 -0.536613941 1.996490240 -0.148647770 0.849902689 0.030860968 0.504595757
1520531970055945472.000000 14.240874290 -0.527910471 1.896668077 -0.124119066 0.954852104 -0.018949900 0.269244879
1520531970506381056.000000 14.179329872 -0.525226116 1.756281495 -0.089910038 0.991527617 -0.032391530 0.087977290
1520531970956215296.000000 14.136469841 -0.525400102 1.582317948 -0.049430609 0.998045981 -0.037735429 -0.006076516
1520531971356012288.000000 14.144864082 -0.529913247 1.418480158 -0.029658750 0.989906251 -0.030509321 -0.135185733
1520531971805924864.000000 14.223142624 -0.542590737 1.273658276 -0.070404097 0.935068130 -0.114620708 -0.327952683
1520531972305881344.000000 14.299892426 -0.522753716 1.304876924 0.029217709 -0.622634053 0.120785408 0.772582710
1520531972856081664.000000 14.197471619 -0.514684916 1.466359615 0.016057095 -0.173681945 0.020148935 0.984464705
1520531973355842048.000000 14.120735168 -0.512460530 1.645781875 -0.028189201 0.001927264 -0.050045636 0.998347163
1520531973806003200.000000 14.092953682 -0.536618769 1.834628940 -0.075013883 0.040634546 -0.072125778 0.993740201
1520531974206817280.000000 14.101805687 -0.542768002 2.021862268 -0.066207305 -0.029351432 -0.040173881 0.996564686
1520531974657841408.000000 14.115543365 -0.540309548 2.250895500 -0.049285248 -0.008790685 -0.029971605 0.998296261
1520531974907849472.000000 14.115174294 -0.523787618 2.382930279 -0.059613284 0.001105690 -0.021220960 0.997995317
1520531975457840128.000000 14.203754425 -0.529511452 2.650277853 -0.081965052 -0.108905047 -0.056889810 0.989032328
1520531975757849344.000000 14.304328918 -0.525847435 2.776511431 -0.048506081 -0.206350237 -0.078313269 0.974132299
1520531976209056768.000000 14.532541275 -0.526707828 2.905329943 -0.054823626 -0.449186504 -0.049936090 0.890355110
1520531976707526656.000000 14.811244011 -0.536968589 2.945611477 -0.054960374 -0.599026978 -0.032568265 0.798176289
1520531977056877568.000000 15.002488136 -0.540306747 2.968015432 -0.046160329 -0.631109834 0.011696219 0.774230480
1520531977356937472.000000 15.125647545 -0.570027828 3.002622128 -0.050708253 -0.588573217 0.079899609 0.802886248
1520531977656910336.000000 15.195153236 -0.578668833 3.037528276 -0.077214286 -0.539788961 0.098204114 0.832479298
1520531978056984576.000000 15.204070091 -0.567765951 3.071288347 -0.071527980 -0.649073362 0.073179275 0.753811836
1520531978457231616.000000 15.141725540 -0.534317017 3.094089508 -0.021312606 -0.803573430 0.032958161 0.593910158
1520531978707238400.000000 15.095454216 -0.529095471 3.102718592 -0.030285230 -0.859342039 0.039188128 0.508997440
1520531978957247232.000000 15.060407639 -0.518934727 3.113508701 -0.025461165 0.905448079 -0.026045009 -0.422891498
1520531979307014912.000000 15.050113678 -0.510818303 3.123139381 -0.037074100 0.944650173 -0.055492532 -0.321219802
1520531979956506112.000000 14.998943329 -0.550357163 3.137500286 0.026258910 0.977889419 -0.106702864 -0.177924946
1520531981356832256.000000 14.937297821 -0.550002754 3.235691547 0.006419656 0.981575906 -0.075490482 0.175410122
1520531981657245440.000000 14.930904388 -0.549723625 3.244360924 0.000189361 0.971246243 -0.100285061 0.215924963
1520531981957383168.000000 14.923398972 -0.551921964 3.252131224 0.010019218 0.972428799 -0.105307050 0.207827419
1520531982607318272.000000 14.912386894 -0.552523136 3.349112749 -0.016183628 0.990863144 -0.085545734 0.103006206
1520531982857099264.000000 14.904372215 -0.548633873 3.424260855 -0.022848915 0.995529413 -0.050753780 0.076309532
1520531983107107072.000000 14.914766312 -0.554023027 3.499943256 -0.039845634 0.998129070 -0.026479257 0.038073592
1520531983257157888.000000 14.929606438 -0.557459414 3.543532610 -0.047541529 0.996997118 -0.050007250 0.035154901
1520531983507165952.000000 14.946079254 -0.559046865 3.613252163 -0.025146432 0.998809993 -0.037847616 0.017713409
1520531983757231616.000000 14.951853752 -0.553692281 3.674409151 -0.039710864 0.997491896 -0.029551735 -0.050592806
1520531984057310464.000000 14.938182831 -0.538723648 3.741805077 -0.055974379 0.988576770 -0.031963050 -0.136239290
1520531984357319680.000000 14.938137054 -0.535604358 3.819736719 -0.051570226 0.977100730 -0.012857888 -0.206032544
1520531984807058944.000000 14.993757248 -0.542669177 3.954790592 -0.051703576 0.926673591 0.004192368 -0.372270346
1520531985057067008.000000 15.038945198 -0.554813027 4.019864082 0.024975903 -0.863891006 0.035781112 0.501784980
1520531985356561664.000000 15.130392075 -0.586664140 4.061999321 -0.058808103 -0.773937285 0.113552503 0.620216489
1520531985506565632.000000 15.180184364 -0.617876112 4.077018261 -0.121417604 -0.716027021 0.155696318 0.669568300
1520531985656101376.000000 15.223874092 -0.641553104 4.096591949 -0.176595867 -0.649400651 0.170910016 0.719640493
1520531985756104448.000000 15.250859261 -0.651866853 4.109265804 -0.214034662 -0.599364996 0.171834648 0.751946568
1520531985906109440.000000 15.291901588 -0.654610991 4.129004955 -0.238675252 -0.508989036 0.165475011 0.810297668
1520531986055913728.000000 15.330448151 -0.648378134 4.154670238 -0.213843048 -0.403570116 0.127890050 0.880367219
1520531986355923712.000000 15.409232140 -0.620357335 4.192285538 -0.098419107 -0.222905099 0.007131089 0.969833076
1520531986456156928.000000 15.435176849 -0.602361798 4.199065208 -0.045512300 -0.167132378 -0.022618953 0.984623671
1520531986656162816.000000 15.504179001 -0.570637226 4.204977512 0.063562818 -0.087725773 -0.040578209 0.993286133
1520531986806166784.000000 15.567023277 -0.554196775 4.207411289 0.138853803 -0.063090958 0.016289627 0.988166869
1520531986956483584.000000 15.625102043 -0.547451138 4.219771862 0.186023146 -0.055312637 0.088197611 0.977014363
1520531987056486656.000000 15.658957481 -0.550307035 4.236488342 0.184537187 -0.057850447 0.135043427 0.971783221
1520531987256677376.000000 15.707858086 -0.579779088 4.281902790 0.093703136 -0.062440619 0.225033462 0.967822731
1520531987456683264.000000 15.715292931 -0.627044439 4.314007282 -0.028289407 -0.033248898 0.267730296 0.962504387
1520531987706469632.000000 15.665887833 -0.668591797 4.314136028 -0.194786221 0.108696595 0.235449448 0.945942342
1520531988206451712.000000 15.506354332 -0.596980393 4.178106785 -0.101652190 0.419731617 0.128797710 0.892694414
1520531988506512128.000000 15.394595146 -0.559055805 4.061648369 -0.042418793 0.519160926 0.056681570 0.851739228
1520531988806521088.000000 15.281526566 -0.544316828 3.964270115 0.012204668 0.595250368 -0.005011026 0.803431988
1520531989106509056.000000 15.155723572 -0.570650756 3.921449184 -0.006932997 0.610918045 -0.099067375 0.785440445
1520531989356423424.000000 15.049015045 -0.596927226 3.917907715 -0.028832326 0.598307073 -0.156689569 0.785267889
1520531989656432384.000000 14.908996582 -0.633699834 3.949266672 -0.087842561 0.525192857 -0.209192231 0.820179701
1520531989956259072.000000 14.798888206 -0.644781470 4.035055637 -0.094718888 0.430393994 -0.231026396 0.867419243
1520531990206458880.000000 14.733489037 -0.629706085 4.134992599 -0.102195941 0.326108634 -0.207590789 0.916577995
1520531990456466688.000000 14.711117744 -0.611919820 4.238283634 -0.112576850 0.175087288 -0.158144355 0.965225995
1520531990906752000.000000 14.808319092 -0.588354170 4.364333630 -0.087657332 -0.095072024 -0.033559870 0.991035461
1520531991206423040.000000 14.906087875 -0.653960347 4.338483334 -0.165849209 -0.143430725 0.032680817 0.975117266
1520531992656512768.000000 15.253599167 -0.615066051 4.014717102 -0.001089190 -0.692188859 0.091647387 0.715873003
1520531993006350848.000000 15.352840424 -0.667017579 4.025540829 0.077997819 -0.690811336 0.286060423 0.659443319
1520531993306359808.000000 15.442785263 -0.692375302 4.063889503 0.097342886 -0.583110034 0.398776740 0.701059282
1520531993656226816.000000 15.512311935 -0.652641654 4.159852028 0.112788118 -0.338155627 0.409210145 0.839926600
1520531994156594176.000000 15.455839157 -0.553095877 4.264239788 0.043160953 0.161535919 0.290984571 0.942003846
1520531994456716800.000000 15.356324196 -0.494215369 4.209885120 0.057792123 0.491491139 0.198811039 0.845914125
1520531994756854528.000000 15.280279160 -0.486970246 4.082766056 0.072672673 0.699595451 0.097832851 0.704069376
1520531995107233536.000000 15.205296516 -0.488110602 3.929510355 0.054363232 0.808779418 0.023497518 0.585122466
1520531995557439232.000000 15.118388176 -0.474681020 3.803232908 0.043178633 0.881061494 0.018080350 0.470679611
1520531995958045696.000000 15.036240578 -0.469735444 3.710263968 0.016920894 0.942921638 0.014191655 0.332281590
1520531996408508160.000000 14.964828491 -0.466073275 3.575181723 -0.001463361 0.983300805 -0.004606633 0.181923598
1520531996858227456.000000 14.915689468 -0.462505639 3.408014059 0.006873747 0.999658406 0.016758414 0.018842438
1520531997307905792.000000 14.950694084 -0.481134564 3.222131491 -0.020107275 0.978579521 -0.014454078 -0.204374328
1520531997807565056.000000 15.113404274 -0.490077227 3.063777685 -0.023686770 0.915800214 -0.012312027 -0.400745928
1520531998257593344.000000 15.329063416 -0.516039133 3.012704372 -0.004123435 -0.774264932 0.044507727 0.631281137
1520531998658737408.000000 15.530270576 -0.524999499 3.004606009 0.003323752 -0.706799090 0.031604797 0.706700206
1520531999110093056.000000 15.775288582 -0.534456074 3.014935970 -0.033096883 -0.654878736 0.022675235 0.754668295
1520531999559524352.000000 16.017263412 -0.541028619 3.056307554 -0.026216287 -0.621385276 0.024200426 0.782692432
1520531999958643968.000000 16.234973907 -0.558192909 3.085983038 -0.018739926 -0.657953203 0.001733776 0.752823591
1520532000408005888.000000 16.480621338 -0.575468957 3.136593580 -0.046446156 -0.628402352 -0.009368671 0.776444137
1520532000757953024.000000 16.683372498 -0.574742496 3.156270504 -0.018688027 -0.673674166 0.004679987 0.738777339
1520532001209337856.000000 16.943359375 -0.572549284 3.132839680 -0.024742419 -0.718533874 -0.018329740 0.694809973
1520532001660562176.000000 17.201105118 -0.584121823 3.110285044 0.017296590 -0.713199914 0.022811679 0.700375855
1520532002010118912.000000 17.395576477 -0.609948635 3.092402697 0.024577970 -0.726431131 0.023671044 0.686391592
1520532002310127872.000000 17.567737579 -0.622248471 3.087015390 0.020515319 -0.674315214 0.085529752 0.733186722
1520532002609646336.000000 17.716827393 -0.631388783 3.123029709 0.045722477 -0.568172038 0.132089287 0.810951531
1520532002858614272.000000 17.834436417 -0.629722059 3.177897692 0.054002214 -0.497202754 0.157681584 0.851475000
1520532003158623232.000000 17.939996719 -0.625869572 3.272647619 0.048694041 -0.361807436 0.166194171 0.916026056
1520532003357736192.000000 17.993869781 -0.620587885 3.347021818 0.050358124 -0.264314115 0.146176457 0.951963544
1520532003607365376.000000 18.030115128 -0.629720628 3.449220419 0.023629338 -0.132880077 0.139401376 0.980995297
1520532003757369344.000000 18.048284531 -0.620052457 3.514017820 0.023170482 -0.080773011 0.130197763 0.987920761
1520532003957376512.000000 18.065790176 -0.624872327 3.604399204 0.013642654 -0.064101920 0.110847615 0.991674185
1520532004157080064.000000 18.073589325 -0.632310987 3.693497658 0.003737269 -0.023592958 0.092973270 0.995382011
1520532004357087232.000000 18.075052261 -0.623101532 3.786737204 0.011288448 0.032597907 0.079053789 0.996273279
1520532004606881536.000000 18.057720184 -0.636785209 3.898227215 0.014666921 0.116148487 0.046892233 0.992015898
1520532004857038336.000000 18.027770996 -0.637656868 4.014887810 -0.014077904 0.165649205 0.038020492 0.985351026
1520532005057044480.000000 17.997104645 -0.646900713 4.110388279 -0.024983503 0.166190594 0.031234201 0.985282183
1520532005257415424.000000 17.965673447 -0.656831086 4.200754166 -0.024711031 0.163252175 0.015352238 0.986155331
1520532005507423488.000000 17.927164078 -0.663944900 4.326730728 -0.089293383 0.155234843 -0.005875220 0.983816206
1520532005757269760.000000 17.899654388 -0.689027607 4.439592838 -0.103245705 0.146731213 -0.006013994 0.983755112
1520532006057005568.000000 17.898378372 -0.701450467 4.540039062 -0.135894731 0.143260986 -0.005919858 0.980292737
1520532006357014528.000000 17.945648193 -0.701071918 4.565936089 -0.106532916 -0.013363073 -0.020747822 0.994002879
1520532006606841600.000000 18.007066727 -0.704328775 4.514939308 -0.104676887 -0.244144112 -0.006411654 0.964051485
1520532006856848640.000000 18.062763214 -0.708002210 4.425366402 -0.105861656 -0.441915572 0.016448656 0.890636504
1520532007156877824.000000 18.126096725 -0.716823578 4.320847988 -0.121559538 -0.607067823 0.062216964 0.782828867
1520532007506914816.000000 18.239067078 -0.715793014 4.234166145 -0.073085360 -0.688441157 0.139414668 0.708004832
1520532007956837632.000000 18.416313171 -0.724886775 4.188869953 -0.034803879 -0.695815027 0.197232753 0.689731359
1520532008256782848.000000 18.547491074 -0.730882168 4.184930801 -0.070875309 -0.655886948 0.190256223 0.727043033
1520532008656686336.000000 18.719327927 -0.733082056 4.216403961 -0.076682568 -0.587897420 0.181692138 0.784528136
1520532008956806912.000000 18.821949005 -0.746452451 4.275814533 -0.090366818 -0.479956657 0.178394124 0.854196131
1520532009256816896.000000 18.872306824 -0.749234021 4.357759953 -0.149209231 -0.256550848 0.181168512 0.937601328
1520532009557027584.000000 18.847646713 -0.753195584 4.424108028 -0.171410710 0.008895750 0.158073619 0.972394943
1520532009857095424.000000 18.773580551 -0.749811649 4.450698853 -0.222398281 0.252782702 0.110631086 0.935093939
1520532010206970368.000000 18.671583176 -0.733870924 4.398769379 -0.212576196 0.578123271 0.022834634 0.787441075
1520532010556881152.000000 18.610721588 -0.709772825 4.295064449 -0.142712727 0.787580729 -0.027335493 0.598834217
1520532010956990464.000000 18.511428833 -0.705716968 4.187985897 -0.058277324 0.844481647 -0.102711923 0.522402823
1520532011156997376.000000 18.447128296 -0.696978927 4.141098022 -0.047085829 0.868447721 -0.098377004 0.483635604
1520532011407079424.000000 18.358400345 -0.688085437 4.078796864 -0.060656715 0.921920955 -0.064846896 0.377064109
1520532011557083392.000000 18.314683914 -0.691065788 4.029111862 -0.062266171 0.945849836 -0.057011135 0.313433886
1520532011657086464.000000 18.286355972 -0.686652243 3.992018461 -0.076056823 0.958333254 -0.056600314 0.269460857
1520532011757089280.000000 18.259046555 -0.677822471 3.953396082 -0.084133357 0.967459917 -0.047225360 0.233907327
1520532011857767168.000000 18.233015060 -0.673363090 3.913273573 -0.081629209 0.974272847 -0.049834654 0.204072669
1520532012007771136.000000 18.202110291 -0.679748535 3.851012230 -0.065330237 0.982377946 -0.068319723 0.161238953
1520532012107774208.000000 18.185832977 -0.681881726 3.811092138 -0.051126167 0.987335622 -0.070969999 0.132354796
1520532012258094080.000000 18.165437698 -0.677397430 3.750215769 -0.034651741 0.993489444 -0.079324447 0.074065194
1520532012458101248.000000 18.137992859 -0.671871841 3.668220043 0.013390810 0.994972110 -0.097800776 0.016918147
1520532012707730688.000000 18.106582642 -0.680585742 3.567171812 0.073474646 0.992610157 -0.092563741 0.027541531
1520532013007922688.000000 18.032485962 -0.667716861 3.440823555 0.156020403 0.964782238 -0.092176072 0.190673739
1520532013307931648.000000 17.898910522 -0.668958068 3.363349676 0.152084932 0.874267757 -0.114110976 0.446659535
1520532013559792384.000000 17.770284653 -0.655673802 3.330295324 0.122298554 0.770036638 -0.160890356 0.605145454
1520532014009948672.000000 17.571481705 -0.651843011 3.290472269 -0.043695603 0.733593106 -0.098338127 0.671015263
1520532014309237248.000000 17.462236404 -0.665976822 3.208512306 -0.150851265 0.801216364 -0.070524156 0.574736953
1520532014609247232.000000 17.393085480 -0.654281437 3.089714289 -0.178087354 0.911866486 -0.066497922 0.363816440
1520532014757928960.000000 17.376438141 -0.650966048 3.030373812 -0.138361484 0.955351830 -0.069402136 0.251679003
1520532014957931008.000000 17.375001907 -0.647268176 2.957858324 -0.084748134 0.990208030 -0.052555379 0.097691879
1520532015207456512.000000 17.371789932 -0.639451981 2.866219044 -0.039328571 0.998473823 -0.036734384 -0.012402707
1520532015357461760.000000 17.369844437 -0.643395662 2.808073521 -0.013641988 0.998524308 -0.044076707 -0.028642233
1520532015507269888.000000 17.364133835 -0.644529402 2.748599052 0.014309692 0.998089671 -0.047589574 -0.036707420
1520532015707276032.000000 17.357070923 -0.643726826 2.665007591 0.045940276 0.994714677 -0.062979050 -0.066827342
1520532015907008000.000000 17.351051331 -0.644610763 2.578357935 0.055006310 0.992250562 -0.069195151 -0.087322012
1520532016107013888.000000 17.355628967 -0.650609910 2.493382692 0.048206020 0.991236448 -0.067647800 -0.102714181
1520532016306941440.000000 17.361282349 -0.645065129 2.402471542 0.030580856 0.992607415 -0.070327997 -0.094070703
1520532016506944512.000000 17.370925903 -0.662822843 2.317633390 0.051803838 0.992156088 -0.081533037 -0.079340801
1520532016707151872.000000 17.369781494 -0.677261233 2.237765074 0.061117675 0.993450165 -0.072230779 -0.064063661
1520532016907157760.000000 17.357219696 -0.681889653 2.155053854 0.053833511 0.993839562 -0.090386987 -0.034857176
1520532017157460224.000000 17.338901520 -0.695124030 2.069843292 0.043463226 0.993738353 -0.097849436 -0.031945001
1520532017507323648.000000 17.299283981 -0.685655236 1.986002684 0.011839179 0.989754856 -0.097594388 -0.103539579
1520532017857334784.000000 17.241743088 -0.684205711 1.963403821 0.000611162 0.959271252 -0.087743960 -0.268513113
1520532018157276672.000000 17.166122437 -0.674803019 1.991904736 0.001321796 0.895388305 -0.093859099 -0.435279846
1520532018407335680.000000 17.080295563 -0.673171639 2.031829357 -0.039315302 -0.833716452 0.084704094 0.544239342
1520532018707345664.000000 16.968103409 -0.661901414 2.076087952 -0.034944657 -0.744599819 0.052880939 0.664494991
1520532018907168512.000000 16.896272659 -0.649571776 2.089800835 -0.017482635 -0.677444041 0.023322919 0.734996557
1520532019257224960.000000 16.769577026 -0.643617988 2.094286680 -0.022844141 -0.506285131 0.026213871 0.861664891
1520532019557448960.000000 16.651857376 -0.631235242 2.102449656 0.025554741 -0.305199444 0.005238709 0.951931119
1520532019957824768.000000 16.575759888 -0.659862995 2.123162985 -0.029642064 -0.125227019 -0.041114658 0.990832567
1520532020657536256.000000 16.788669586 -0.727763474 2.196599722 -0.194489762 -0.452789545 -0.074500844 0.866951525
1520532021057225728.000000 16.964258194 -0.697371900 2.157656193 -0.111298129 -0.712988079 -0.019059772 0.692024112
1520532021457231616.000000 17.116701126 -0.694846511 2.101183176 -0.088327073 -0.812115252 0.030941444 0.575942516
1520532021857259008.000000 17.247612000 -0.688739836 2.013340712 0.039325971 0.909057260 -0.036027241 -0.413243711
1520532022207500288.000000 17.285228729 -0.707052290 1.907661438 0.002970293 0.987532258 -0.051675577 -0.148663566
1520532022607403008.000000 17.252956390 -0.741199315 1.855644226 -0.013686376 0.989055514 -0.094792299 0.112233348
1520532022957309184.000000 17.191444397 -0.747900724 1.933148384 -0.045698106 0.885141015 -0.085949495 0.455027193
1520532023357266176.000000 17.167743683 -0.752178431 2.120740891 -0.100458562 0.650120258 -0.061572142 0.750640154
1520532023657132288.000000 17.188034058 -0.738273084 2.262902498 -0.121942259 0.483185232 -0.026431801 0.866581500
1520532024007144448.000000 17.224996567 -0.724656224 2.378258944 -0.099207282 0.396909833 0.005742550 0.912462354
1520532024257375744.000000 17.259185791 -0.715059996 2.443036079 -0.036382101 0.371555418 0.019963615 0.927482784
1520532024458037248.000000 17.295228958 -0.705640256 2.502614975 -0.025026355 0.348865598 0.025522679 0.936490834
1520532024658041088.000000 17.325801849 -0.701368630 2.574568033 -0.057676475 0.289886504 0.020159926 0.955108762
1520532025158855424.000000 17.369976044 -0.674167812 2.790876150 -0.046580728 0.054416899 0.004230527 0.997422218
1520532025609270528.000000 17.328414917 -0.661939621 2.984597921 -0.112214260 0.127535626 0.126805991 0.977273166
1520532026208550144.000000 17.064434052 -0.647124648 3.136770487 -0.159622341 0.527950287 0.150237948 0.820498466
1520532026458558208.000000 16.929067612 -0.641435385 3.157364368 -0.137183636 0.619268179 0.110658512 0.765142024
1520532026708175104.000000 16.795747757 -0.623036146 3.169386864 -0.104519278 0.700638652 0.040173121 0.704675376
1520532027008966656.000000 16.641960144 -0.615230978 3.149451017 -0.050874528 0.774307072 -0.005633902 0.630736530
1520532027208973824.000000 16.530910492 -0.600113153 3.133588791 -0.050802957 0.779200912 -0.043743357 0.623178542
1520532027410480384.000000 16.421379089 -0.609606147 3.122722864 -0.060103573 0.761646569 -0.081981868 0.639969528
1520532027710485504.000000 16.247591019 -0.592330813 3.112948418 -0.043665498 0.751110375 -0.084451437 0.653295100
1520532027960493568.000000 16.103645325 -0.585606098 3.092258692 -0.046719618 0.764599144 -0.062331770 0.639781415
1520532028259744256.000000 15.930889130 -0.568159759 3.059096336 -0.067804039 0.777428985 -0.064851873 0.621933281
1520532028558827776.000000 15.753250122 -0.574131191 3.047618628 -0.059137207 0.730780900 -0.060501516 0.677348971
1520532029008163328.000000 15.486042023 -0.570190191 3.013799906 -0.024270689 0.753049493 -0.065927364 0.654202580
1520532029408180224.000000 15.236968994 -0.559555054 2.975532532 -0.025343413 0.748453021 -0.078201309 0.658073187
1520532029859327744.000000 14.962594986 -0.542513132 2.962333202 -0.010555842 0.736811042 -0.055026170 0.673773110
1520532030760756992.000000 14.401629448 -0.518097758 2.918366194 -0.017612500 0.725843370 -0.062044960 0.684829652
1520532031259545344.000000 14.111310959 -0.491507053 2.876926422 -0.000418450 0.777254760 -0.012794276 0.629055738
1520532031658714880.000000 13.868616104 -0.495870471 2.865187883 0.013781915 0.740620553 -0.011797176 0.671678543
1520532031958711040.000000 13.681382179 -0.489360690 2.847990990 0.001595030 0.752081156 -0.025210636 0.658586204
1520532032309758720.000000 13.472169876 -0.475929409 2.816936255 -0.023735892 0.766698360 -0.034939807 0.640616477
1520532032459761664.000000 13.382092476 -0.479065031 2.801914930 -0.018931432 0.758474767 -0.033336349 0.650573850
1520532032761180928.000000 13.198572159 -0.478839219 2.783698320 -0.013395061 0.741595685 -0.047522198 0.669027746
1520532033060987392.000000 13.018701553 -0.473049343 2.752237082 0.009283496 0.768514514 -0.028197071 0.639143288
1520532033460022528.000000 12.779570580 -0.456671983 2.711004734 -0.010207554 0.775287271 -0.029085027 0.630856156
1520532033710030592.000000 12.629607201 -0.461723238 2.694667101 -0.002876592 0.754731238 -0.034711648 0.655108809
1520532033909025536.000000 12.507065773 -0.446159810 2.680484772 -0.022427848 0.768970907 -0.045183122 0.637290537
1520532034159033600.000000 12.365903854 -0.448334455 2.651721716 -0.001689781 0.790044904 -0.020670684 0.612698078
1520532034308655872.000000 12.279265404 -0.433551639 2.631665707 -0.012101277 0.796016395 -0.021230560 0.604781568
1520532034458660864.000000 12.188103676 -0.428491682 2.609165668 -0.004981286 0.792559266 -0.038918011 0.608531356
1520532034608665856.000000 12.097599983 -0.434162259 2.591982603 0.010796251 0.771012425 -0.046924334 0.634997129
1520532034709705216.000000 12.038218498 -0.434233487 2.581245661 0.022755396 0.760405600 -0.060129508 0.646258414
1520532034909711360.000000 11.917854309 -0.424449682 2.559454203 0.038560744 0.761772871 -0.099863976 0.638938487
1520532035059716352.000000 11.829607010 -0.421869159 2.546460867 0.062994920 0.761394501 -0.076876938 0.640624642
1520532035211958784.000000 11.743662834 -0.421491146 2.534378290 0.095930927 0.754130483 -0.072287709 0.645646155
1520532035411965952.000000 11.615805626 -0.407087564 2.527902842 0.072727785 0.719153166 -0.106220484 0.682822526
1520532035662275072.000000 11.464617729 -0.407446891 2.543456793 0.094975613 0.643287361 -0.111503676 0.751483798
1520532035961292800.000000 11.296112061 -0.395630717 2.593623877 0.111117750 0.546222568 -0.180948406 0.810278594
1520532036211283968.000000 11.173860550 -0.391056240 2.659186363 0.133979008 0.477705389 -0.183164090 0.848703802
1520532036510659072.000000 11.043801308 -0.363407969 2.772713900 0.130958214 0.361454070 -0.199819356 0.901261985
1520532036761311744.000000 10.978286743 -0.338589370 2.900336504 0.138240442 0.226991236 -0.154522583 0.951570988
1520532037310025216.000000 10.947601318 -0.295090824 3.202025890 0.088265069 0.011351287 -0.013217257 0.995944619
1520532037559233280.000000 10.970973015 -0.309980363 3.350384474 0.043311410 -0.075672045 0.070496328 0.993694186
1520532038008775936.000000 10.974109650 -0.419338763 3.603160620 -0.099855505 -0.039029151 0.342684537 0.933312893
1520532038708253952.000000 10.820527077 -0.257379144 3.957763195 0.077996165 0.301400691 0.338791758 0.887859404
1520532039309292800.000000 10.608253479 -0.279171109 4.186580181 0.227695554 0.357156634 -0.175424412 0.888718247
1520532040108015616.000000 10.370540619 -0.457084298 4.516029835 -0.190273687 0.416204125 -0.110424876 0.882256448
1520532051462313984.000000 11.840324402 -0.506043732 3.554744005 0.670172513 0.731152833 -0.076132827 -0.102411389
1520532051612318976.000000 11.871905327 -0.504841208 3.457758904 0.663062394 0.740637541 -0.089599580 -0.061451584
1520532051712323072.000000 11.883886337 -0.504507780 3.396938086 0.659776807 0.743837118 -0.100712948 -0.035466231
1520532051860156416.000000 11.894388199 -0.493834704 3.301938057 0.660373867 0.742042005 -0.114537589 0.012692359
1520532052010160384.000000 11.893592834 -0.475648820 3.200387001 0.646358609 0.748515427 -0.131205142 0.068778127
1520532052110163200.000000 11.881181717 -0.468095690 3.135365725 0.631950200 0.753234386 -0.149719819 0.104215600
1520532052259441664.000000 11.836075783 -0.461065054 3.045529366 0.606696486 0.748276293 -0.186343864 0.193074927
1520532052359444480.000000 11.796401024 -0.456492782 2.992201090 0.594973028 0.737223744 -0.205652922 0.245387748
1520532052459447552.000000 11.751235008 -0.445758343 2.943619013 0.588440120 0.725159764 -0.223554999 0.279114157
1520532052559450624.000000 11.699352264 -0.436324656 2.897081852 0.587443233 0.705277205 -0.258944452 0.300736159
1520532052759325440.000000 11.586301804 -0.430536926 2.823037386 0.579474211 0.670116901 -0.307812005 0.346993864
1520532052859328512.000000 11.526856422 -0.428863436 2.797304392 0.580382943 0.644450784 -0.330586523 0.372224897
1520532052959331584.000000 11.470956802 -0.423906237 2.769188166 0.578900695 0.637965620 -0.331883103 0.384353250
1520532053110402560.000000 11.381072998 -0.412164599 2.725344181 0.534804940 0.643270254 -0.330726862 0.436814398
1520532053260407552.000000 11.283177376 -0.412863016 2.695141077 0.497326642 0.614761710 -0.354420841 0.499119341
1520532053410412544.000000 11.189094543 -0.419566631 2.678796053 0.490302414 0.584802568 -0.386330068 0.518033326
1520532053563651584.000000 11.088240623 -0.415073127 2.656655788 0.494371980 0.568773508 -0.412675768 0.511655867
1520532053713655552.000000 10.981037140 -0.414033860 2.629132748 0.526814342 0.541367650 -0.435290545 0.489805937
1520532053914891008.000000 10.839311600 -0.420770973 2.594797850 0.573323548 0.497764528 -0.442858547 0.476871938
1520532054114896896.000000 10.697424889 -0.413901448 2.557895184 0.596506000 0.461821318 -0.475380301 0.452675581
1520532054313641472.000000 10.554618835 -0.420388758 2.524666309 0.620731592 0.430391610 -0.502864599 0.420217276
1520532054613651456.000000 10.345260620 -0.416405231 2.491712570 0.653748393 0.383462548 -0.522558391 0.390515357
1520532054861822976.000000 10.167257309 -0.404555321 2.463897228 0.663342595 0.375195861 -0.512722731 0.395373315
1520532055160567040.000000 9.967479706 -0.394566804 2.422438145 0.630792320 0.403160542 -0.500099361 0.435273767
1520532055460576000.000000 9.756043434 -0.383233696 2.378145456 0.547026396 0.479682386 -0.444609761 0.522483587
1520532055709908992.000000 9.579204559 -0.358131081 2.357663393 0.455037504 0.559407532 -0.373674273 0.583413780
1520532055960015872.000000 9.401655197 -0.334451139 2.329965353 0.363799065 0.644177556 -0.231371343 0.631785452
1520532056210023936.000000 9.222026825 -0.300734818 2.303983212 0.237799764 0.701547801 -0.143578351 0.656252384
1520532056412025856.000000 9.071427345 -0.290343136 2.293725014 0.139641881 0.712838113 -0.117789768 0.677117109
1520532056662034944.000000 8.889740944 -0.288088053 2.292390585 0.063330904 0.718875289 -0.093357220 0.685924113
1520532056863582720.000000 8.732604980 -0.278066278 2.287723303 -0.017505273 0.746597767 -0.088124163 0.659180939
1520532057113590784.000000 8.552238464 -0.277173609 2.272160292 -0.038615789 0.778126717 -0.020341216 0.626589060
1520532057413107712.000000 8.317006111 -0.251186550 2.263898611 -0.010851547 0.766356945 -0.006345200 0.642292023
1520532057611980544.000000 8.169571877 -0.258463502 2.274208546 0.016125690 0.737698436 -0.006809165 0.674903452
1520532057861988608.000000 7.973530769 -0.246725932 2.276614189 0.025433743 0.725413084 -0.081536874 0.682993948
1520532058060279296.000000 7.826643467 -0.256038517 2.267727852 0.015351498 0.746384680 -0.072287291 0.661399126
1520532058260286464.000000 7.680069447 -0.237947688 2.250592709 0.023174612 0.754045844 -0.070879012 0.652574897
1520532058459240192.000000 7.525521278 -0.223973542 2.241624832 0.003657558 0.753638983 -0.065551355 0.654001474
1520532058609245184.000000 7.413170815 -0.230755419 2.242070675 -0.012250267 0.742312849 -0.062835060 0.666988194
1520532058759250176.000000 7.300284386 -0.217702761 2.246757030 -0.010654084 0.730863452 -0.055952169 0.680142999
1520532058959299072.000000 7.142166615 -0.199857667 2.239579439 0.014368437 0.736548007 -0.046518557 0.674630761
1520532059109304064.000000 7.033689022 -0.210393742 2.228763580 0.021349773 0.750752926 -0.046662692 0.658586979
1520532059261447424.000000 6.922406673 -0.200499281 2.214059353 0.032462712 0.751873970 -0.035718977 0.657537699
1520532059461453312.000000 6.763291836 -0.182418913 2.201839685 0.031165818 0.743336737 -0.029528297 0.667538226
1520532059715520768.000000 6.576654911 -0.190265432 2.196492434 0.050190885 0.719516456 -0.034422543 0.691803455
1520532059965528832.000000 6.383589745 -0.166847721 2.195690393 0.037357192 0.724001050 -0.046706680 0.687201142
1520532060317217792.000000 6.131312370 -0.173638657 2.173673630 0.014037775 0.739322007 -0.050191745 0.671332061
1520532060567224832.000000 5.942499638 -0.163335159 2.158358335 0.021708256 0.727690756 -0.032954007 0.684769273
1520532060817232896.000000 5.759706497 -0.155107915 2.152861834 0.039340913 0.711381257 -0.012676246 0.701589882
1520532061017239808.000000 5.601173878 -0.144258276 2.137724876 -0.002128172 0.720275164 -0.045534864 0.692189097
1520532061366161920.000000 5.345630646 -0.138836518 2.103006601 0.004497114 0.751233339 -0.036534231 0.659009516
1520532061664340992.000000 5.118063927 -0.137066796 2.081552029 0.006175629 0.728140056 -0.050686527 0.683523834
1520532061914349056.000000 4.930492878 -0.121658117 2.071491957 0.007249732 0.713265896 -0.058905717 0.698376179
1520532062163102976.000000 4.746678829 -0.125123739 2.045348406 0.008486301 0.745122373 -0.064410403 0.663755953
1520532062363109120.000000 4.602266312 -0.110598490 2.018303394 0.008690950 0.765247464 -0.050493687 0.641694009
1520532062612215296.000000 4.408498764 -0.095893532 1.998684645 0.007052585 0.741677642 -0.051896419 0.668708682
1520532062812221184.000000 4.255377293 -0.100475207 1.994149685 0.015177471 0.712292850 -0.055179700 0.699545383
1520532063010844928.000000 4.100648403 -0.073189594 1.984217167 0.031750850 0.715011120 -0.034803633 0.697524011
1520532063210852096.000000 3.949348688 -0.083878502 1.972769976 0.022732796 0.740855336 -0.030600464 0.670581996
1520532063409789952.000000 3.800125837 -0.079350054 1.956413865 0.014672778 0.744389117 -0.047935549 0.665861666
1520532063559796992.000000 3.682349682 -0.063311100 1.950255036 0.008702314 0.730575144 -0.037646040 0.681738257
1520532063759531776.000000 3.530075312 -0.065389812 1.948815823 0.012796279 0.714267910 -0.026409777 0.699256837
1520532064009474816.000000 3.336506844 -0.040121041 1.941356659 0.017531902 0.715472817 -0.045145262 0.696959913
1520532064260582144.000000 3.148553133 -0.044004649 1.918291330 0.026540918 0.740773857 -0.026942048 0.670689046
1520532064512369408.000000 2.957733393 -0.022990381 1.893588066 0.002651352 0.751288116 -0.014364715 0.659812689
1520532064812379392.000000 2.728512764 -0.032607868 1.878121138 -0.009212523 0.719796598 -0.029089885 0.693514049
1520532065112211968.000000 2.498861313 -0.004507712 1.851962924 0.030465661 0.729389548 -0.033293255 0.682608426
1520532065461194752.000000 2.232450008 -0.005085313 1.817326546 0.020619377 0.750421584 -0.019687502 0.660344362
1520532065661200640.000000 2.071057081 0.004017766 1.806308150 0.008925942 0.732757390 -0.030820007 0.679733098
1520532065960188672.000000 1.836264014 0.006242466 1.800851822 0.025713049 0.701278687 -0.028372411 0.711858153
1520532066110193664.000000 1.715675116 0.027231345 1.787340283 0.023607459 0.711351752 -0.034672912 0.701583326
1520532066309901312.000000 1.564357877 0.025735047 1.761236429 0.034728039 0.741461337 -0.018285220 0.669846773
1520532066459906304.000000 1.448354006 0.036250770 1.741845489 0.039537787 0.747960210 -0.013484646 0.662427664
1520532066611449344.000000 1.322888374 0.043242462 1.733293056 0.008057635 0.736068487 -0.047092773 0.675218821
1520532066761453568.000000 1.201631308 0.031336162 1.724962354 -0.020937471 0.715132415 -0.056288783 0.696404219
1520532066861456384.000000 1.126995921 0.029005811 1.723502636 -0.005644988 0.708757520 -0.048858702 0.703735590
1520532067014879232.000000 1.005746603 0.052689649 1.714511275 0.020865746 0.706544757 -0.036704496 0.706407726
1520532067164884480.000000 0.878952384 0.068727553 1.706238508 0.004517377 0.709042311 -0.038163513 0.704117954
1520532067314888448.000000 0.760760128 0.060552329 1.695600033 0.018890597 0.719880819 -0.040501475 0.692657471
1520532067467440896.000000 0.634118199 0.069505580 1.678459048 0.019237442 0.733047485 -0.030673435 0.679213107
1520532067667446784.000000 0.465785503 0.092247419 1.665124774 -0.001836402 0.721346498 -0.028970556 0.691965759
1520532067967456768.000000 0.223410770 0.096112713 1.663992524 0.032340124 0.666595697 -0.045666888 0.743316054
1520532068167462912.000000 0.054206938 0.120652966 1.660487652 0.040272441 0.656756818 -0.056060474 0.750936627
1520532068417470720.000000 -0.147155747 0.105457529 1.634979129 0.015671907 0.715974033 -0.046300270 0.696413577
1520532068617476864.000000 -0.312312484 0.131356239 1.618270874 -0.002686286 0.735981643 -0.040124070 0.675806105
1520532068817482752.000000 -0.478178084 0.138003662 1.613083363 0.000615390 0.713158131 -0.023871688 0.700596392
1520532069067490816.000000 -0.676334023 0.162156522 1.619175553 0.042574409 0.695304513 -0.023610312 0.717064559
1520532069267496704.000000 -0.845088780 0.172659308 1.603108168 0.011928832 0.728535533 -0.023247186 0.684509516
1520532069467503872.000000 -0.997724354 0.159018770 1.578688383 0.024723051 0.762853324 -0.025865698 0.645580769
1520532069717511680.000000 -1.204921722 0.192819983 1.551725626 0.000194124 0.765216172 -0.026248682 0.643238008
1520532069866442240.000000 -1.326011181 0.184995845 1.539486289 0.013926411 0.749432683 -0.013542140 0.661795497
1520532070066449152.000000 -1.482786536 0.189857304 1.537672877 0.034543723 0.727966845 -0.030221809 0.684074283
1520532070263820544.000000 -1.646137357 0.215064064 1.531928420 0.026315127 0.730601966 -0.039373402 0.681159258
1520532070463826432.000000 -1.795249224 0.205408826 1.520822406 0.046744131 0.739892304 -0.017323466 0.670875728
1520532070711915264.000000 -1.992966413 0.238005072 1.512473822 0.022203125 0.739774048 -0.022713760 0.672105253
1520532070911921408.000000 -2.153953791 0.235762179 1.504385233 0.010879846 0.728694320 -0.018674841 0.684497952
1520532071160751616.000000 -2.349266291 0.247465059 1.502147794 0.020516099 0.717365682 -0.021690935 0.696056783
1520532071461060352.000000 -2.582725048 0.253671020 1.467931271 0.005520143 0.773994744 -0.026216196 0.632624984
1520532071661066240.000000 -2.716613531 0.254374385 1.420379281 -0.011219176 0.828901410 -0.012242554 0.559148133
1520532071861073408.000000 -2.848618984 0.269338816 1.349375486 -0.058858186 0.871825337 -0.027343754 0.485498369
1520532072112593408.000000 -2.960961103 0.270052373 1.235729098 -0.044605833 0.923329234 -0.013284449 0.381178468
1520532072364286464.000000 -3.057281017 0.294969290 1.105033398 -0.046669748 0.958157539 -0.006840844 0.282328308
1520532072664296448.000000 -3.119230747 0.279154718 0.947161674 -0.037788264 0.991252482 -0.013066822 0.125776827
1520532072913542400.000000 -3.152370930 0.292798996 0.819869161 -0.037283316 0.997635126 -0.013465738 0.056149401
1520532073112468992.000000 -3.166463852 0.267422795 0.759135067 -0.030457376 0.998796463 -0.037398655 0.008902486
1520532073412478976.000000 -3.184653759 0.268081069 0.779057443 -0.033260714 0.991424322 -0.037184004 -0.120784648
1520532073562131712.000000 -3.197000027 0.276004285 0.826080203 -0.036823865 0.978382289 -0.042330030 -0.199048504
1520532073862129664.000000 -3.203613758 0.292211235 0.966801465 -0.031291962 0.956552148 -0.035373729 -0.287710696
1520532074062817280.000000 -3.190624237 0.298211515 1.090917706 -0.012424740 0.929869354 -0.008169147 -0.367589295
1520532074262824192.000000 -3.188329697 0.294594318 1.216866255 -0.003696550 0.889867961 0.004824484 -0.456177682
1520532074463714560.000000 -3.196813345 0.303818762 1.335964084 0.005670960 -0.823284507 0.001828652 0.567597628
1520532074663721472.000000 -3.198578119 0.313615918 1.449854016 0.004188973 -0.753246248 -0.033624485 0.656865239
1520532074912291328.000000 -3.152238131 0.314442247 1.574061751 -0.006172041 -0.681911528 -0.024616987 0.730994225
1520532075112296448.000000 -3.077178240 0.295057178 1.636436224 -0.053853121 -0.665359616 -0.011788384 0.744484723
1520532075311840768.000000 -2.984344721 0.285755754 1.669672728 -0.065828025 -0.662702441 -0.001676943 0.745982111
1520532075511847680.000000 -2.865777969 0.296625584 1.690110803 -0.047234651 -0.655498087 -0.018574724 0.753489316
1520532075611635712.000000 -2.805161953 0.288827688 1.695784450 -0.042893399 -0.649415374 -0.014567726 0.759083390
1520532075761639680.000000 -2.715396881 0.270391762 1.703781962 -0.038705360 -0.638153970 -0.014773153 0.768793344
1520532076063018240.000000 -2.500770092 0.276020408 1.699905634 -0.008619824 -0.660203874 -0.016160628 0.750863075
1520532076213023232.000000 -2.384299040 0.253857404 1.703121424 -0.010951041 -0.684270024 -0.016804431 0.728952825
1520532076415640832.000000 -2.234906197 0.235278115 1.694791913 -0.017873745 -0.707909524 -0.020149125 0.705789387
1520532076615646976.000000 -2.059749842 0.235670283 1.692497134 -0.061191939 -0.700110912 -0.001696060 0.711405218
1520532076817732864.000000 -1.871319652 0.209600449 1.703483462 -0.074394614 -0.669604123 -0.001366255 0.738981664
1520532077017739776.000000 -1.668825507 0.228207260 1.717419505 -0.048749577 -0.655902922 -0.002244767 0.753266096
1520532077217745920.000000 -1.457571626 0.216085896 1.738926172 -0.053564891 -0.660941958 0.012780751 0.748413742
1520532077317748736.000000 -1.345616698 0.198078051 1.747886181 -0.040505100 -0.680452347 0.013282829 0.731551409
1520532077517754880.000000 -1.039322257 0.168167651 1.750483394 -0.038434599 -0.701265574 -0.008443198 0.711813271
1520532077717760768.000000 -0.806416392 0.150270492 1.746227384 -0.035581879 -0.681425452 -0.011068138 0.730938256
1520532077967769856.000000 -0.574349582 0.115547381 1.751803517 -0.034853946 -0.650628448 -0.004262917 0.758583963
1520532078217776896.000000 -0.345684618 0.106091052 1.747298837 -0.041031174 -0.657884955 0.023535945 0.751631498
1520532078467789824.000000 -0.141122892 0.087998420 1.755372047 -0.025907118 -0.690665424 -0.014458584 0.722565591
1520532078717792768.000000 0.054758191 0.109030128 1.760860324 -0.023057193 -0.686024666 -0.021862714 0.726884127
1520532079017801728.000000 0.262755990 0.086180888 1.786352873 0.005627604 -0.644877017 -0.021800937 0.763954639
1520532079265626112.000000 0.454130113 0.086201236 1.800799251 -0.011772886 -0.663940370 0.017485997 0.747488320
1520532079565636096.000000 0.668219864 0.068386838 1.810490966 0.002042811 -0.693075895 -0.028875528 0.720283151
1520532079963336704.000000 0.951446533 0.043400098 1.844335914 -0.057489444 -0.643904030 0.009867257 0.762879550
1520532080311598336.000000 1.189447880 0.062395468 1.876112223 -0.005219636 -0.635456920 0.002983343 0.772112906
1520532080560732160.000000 1.364219546 0.041389074 1.880389571 -0.024200775 -0.675562084 -0.010151551 0.736835897
1520532080760739072.000000 1.509487748 0.045364276 1.893957257 -0.057582892 -0.671642542 -0.002683341 0.738629341
1520532081010492416.000000 1.674360275 0.022204481 1.914863229 -0.034731038 -0.633300900 -0.001268595 0.773124933
1520532081210499584.000000 1.816872716 0.035497107 1.932544231 -0.039234672 -0.622198284 0.016266892 0.781706631
1520532081411452928.000000 1.958360314 0.022719329 1.940300941 -0.021767724 -0.646193027 0.010336922 0.762793481
1520532081611458816.000000 2.099440813 0.012337257 1.940535903 -0.032625314 -0.671409965 -0.012917950 0.740254939
1520532082312521472.000000 2.601788521 0.011500702 1.997869372 -0.014185005 -0.635267556 0.013159052 0.772049725
1520532082960602880.000000 3.050446749 -0.026044151 2.042047501 -0.043394122 -0.657363832 0.004398102 0.752310038
1520532083510512128.000000 3.428931475 -0.035008024 2.087074995 -0.006846005 -0.668453455 -0.005672222 0.743700862
1520532084012090368.000000 3.779195070 -0.047413077 2.112274408 -0.034528490 -0.672133923 -0.021634510 0.739307582
1520532084415668736.000000 4.060411930 -0.054584578 2.129375458 -0.038129617 -0.695454895 -0.002753498 0.717552125
1520532085267059200.000000 4.621517658 -0.088524215 2.007022381 -0.066224255 -0.842635453 -0.033932339 0.533318281
1520532086467237888.000000 5.048592091 -0.103264153 1.449991941 -0.039277054 0.965174556 -0.049747884 -0.253811955
1520532087964438272.000000 5.718329906 -0.174977124 0.965373635 0.095187381 0.918889463 -0.029169880 -0.381746858
1520532088660128512.000000 5.725237370 -0.199900568 0.649168491 0.099649005 0.981989861 -0.099598378 0.125881553
1520532089259972096.000000 5.533980846 -0.205150798 0.800609708 -0.025936615 0.712860346 -0.123238713 0.689905524
1520532090917521920.000000 4.952928066 -0.107448272 1.079670668 0.025853347 0.757014751 -0.019903684 0.652582645
1520532091566291712.000000 4.579770088 -0.103425585 1.064956188 0.066692166 0.710108638 -0.072154336 0.697202742
1520532092166652416.000000 4.246588230 -0.089687563 1.104114532 -0.044949263 0.650573492 0.009378928 0.758053899
1520532093067189504.000000 3.820152998 -0.132504806 1.046002388 -0.153960302 0.804032743 -0.090417594 0.567143917
1520532093663592448.000000 3.868596554 -0.150548711 0.919774652 -0.031056432 0.970510900 -0.227302045 0.074012369
1520532094363335168.000000 4.208151817 -0.105000600 0.992836952 0.071577668 0.866306543 -0.088412747 -0.486387521
1520532095065082624.000000 4.569811344 -0.107297182 1.068573356 -0.040868577 -0.645839989 0.003352708 0.762370825
1520532095918330880.000000 4.918753624 -0.114705831 1.348729372 -0.029848333 -0.309442103 0.068222716 0.947998047
1520532096718354688.000000 4.927146435 -0.112742715 1.736729026 -0.031941626 0.086076967 0.067213185 0.993505359
1520532097515159552.000000 4.569818497 -0.086404920 1.978613853 -0.052087456 0.512097538 0.036636874 0.856563330
1520532097963158272.000000 4.307914734 -0.062574573 2.023817778 0.007817321 0.629032195 0.008209642 0.777296543
1520532098561198336.000000 3.910357952 -0.051300380 2.006954193 0.019233450 0.744803727 -0.016511733 0.666801929
1520532099962929152.000000 2.905895948 -0.023646176 1.960735917 0.007859451 0.724172473 -0.049677543 0.687782347
1520532100562922240.000000 2.470153093 0.005083351 1.943408012 -0.032407507 0.742194533 -0.029733203 0.668739855
1520532101061874944.000000 2.103874683 0.020724213 1.932268143 -0.005185366 0.713401675 -0.030168582 0.700086415
1520532101711079680.000000 1.620727658 0.035183169 1.801094413 -0.014496381 0.827003777 -0.022875447 0.561543703
1520532102261795328.000000 1.295782566 0.019501431 1.552671909 -0.011359123 0.935287893 -0.054271523 0.349517047
1520532102710693888.000000 1.154131651 0.016964182 1.287359357 0.015995337 0.981091738 -0.039659273 0.188760012
1520532103060008704.000000 1.076185107 -0.005140001 1.078856587 0.037775133 0.990799129 -0.061975714 0.114232689
1520532103359752704.000000 1.021659255 -0.000288860 0.888890922 0.039619230 0.995939612 -0.061866302 0.052029997
1520532103659761920.000000 0.982477665 -0.004136657 0.700746417 0.056593154 0.996002853 -0.066435419 0.019023977
1520532104009969152.000000 0.920826375 -0.022841128 0.473471940 0.055345193 0.997440696 -0.045061253 0.004289457
1520532104461405440.000000 0.813226879 -0.070282862 0.209108442 0.052022696 0.993711412 -0.090533614 -0.040433999
1520532105210376448.000000 0.506667733 -0.122999594 -0.123326316 0.050617740 0.991165876 -0.102126680 -0.067810096
1520532110260247808.000000 0.013795218 -0.108630806 -0.373982996 -0.010175653 0.968330443 -0.249464437 -0.000283709
1520532110759602176.000000 -0.066743977 -0.059189267 -0.284463704 0.013457839 0.945289373 -0.073272310 -0.317613065
1520532112259886848.000000 -0.092698090 -0.054528140 -0.177173615 0.059215687 0.916293204 -0.059579466 -0.391599983
1520532115860154112.000000 -0.247614786 -0.059758902 -0.329357684 -0.078040034 0.992482424 -0.075671613 0.056233916
1520532116961078528.000000 0.314468116 -0.028733250 -0.125757352 0.095734313 0.897819102 0.141465813 -0.405885667
1520532118060257024.000000 -0.319196969 0.105159640 -0.215574652 -0.058028564 0.912054300 0.294282138 0.279620588
1520532118361563904.000000 -0.321534425 -0.113008119 -0.243362471 -0.360566288 0.881379068 -0.157311514 0.261564463
1520532119160023552.000000 0.249083951 0.129983321 -0.103376240 -0.120396137 0.943621218 0.094539471 -0.293506414
1520532119710313472.000000 0.458468527 -0.095981441 -0.204160482 0.047138032 0.971239567 -0.065060653 -0.224140227
1520532120060324608.000000 0.486662090 -0.198309019 -0.299277067 0.143068925 0.961518705 -0.064893119 -0.225392982
1520532121560822016.000000 -0.309935391 0.255640179 -0.270209163 0.001561426 0.995622158 0.090807207 0.022092635
1520532122010972928.000000 -0.562320352 0.145490974 -0.211786300 -0.047183994 0.988481879 0.035417862 0.139365926
1520532122160532224.000000 -0.581194818 0.065830141 -0.214126378 -0.058354490 0.986268818 -0.019801011 0.153220296
1520532122610204672.000000 -0.410386145 -0.077890918 -0.213786513 -0.052106664 0.992936850 -0.086967111 0.061628133
1520532123260242432.000000 0.042354934 0.158856899 -0.166852072 -0.035668682 0.980803013 0.076675728 -0.175710231
1520532124210281216.000000 0.225875467 -0.019041611 -0.321043432 0.053102657 0.989613473 -0.003025753 -0.133552074
1520532125010340608.000000 0.033863991 0.027900591 -0.322392315 0.035128925 0.998363078 0.028424617 0.035060268
1520532126010361856.000000 0.036076382 0.034803648 -0.313195765 0.020651639 0.999453127 -0.021232618 -0.014701736
1520532127160357120.000000 0.038564477 0.036142860 -0.307534277 0.015975635 0.999201953 -0.032086942 -0.017624738
1520532128160395008.000000 0.034625754 0.034154631 -0.303072006 0.022891065 0.998976886 -0.035863783 -0.015330266
