1520531124150444288.000000 0.000000000 0.000000000 0.000000000 0.000000000 0.000000000 0.000000000 1.000000000
1520531132651543552.000000 0.519660890 -0.060699012 0.230607986 0.004091409 0.050640605 0.008602071 0.998671532
1520531136200994816.000000 -0.323490590 -0.016778067 -0.167778939 0.131371349 0.246167168 -0.106176771 0.954394996
1520531137751027200.000000 -0.238010228 -0.057995632 0.343686283 0.015535850 -0.142662048 -0.200771168 0.969070256
1520531138251691520.000000 0.002651643 -0.067479573 0.419005901 0.030442165 -0.211473942 0.214036658 0.953173816
1520531139601359616.000000 0.423309982 -0.070550948 0.326005399 -0.041594353 -0.063446023 -0.057815835 0.995440543
1520531140550691328.000000 0.606325686 -0.026823035 0.058862712 0.196246877 -0.036702067 -0.009835855 0.979818046
1520531140951848704.000000 0.562172890 -0.002779405 -0.081533678 0.240959361 -0.010362693 0.003438741 0.970473766
1520531145001332992.000000 -0.209327906 -0.066203773 0.299029619 0.037434854 0.326571345 -0.007065454 0.944404542
1520531153202357248.000000 0.314670026 0.023712566 0.419278294 0.066506125 -0.483741432 -0.028864997 0.872202933
1520531153951961344.000000 0.474584043 -0.095212266 0.439670980 -0.109357126 -0.463971049 0.029290777 0.878586292
1520531154551640832.000000 0.587574661 -0.191848770 0.448895395 -0.228270814 -0.485518634 0.103456259 0.837532640
1520531155101386240.000000 0.672267079 -0.277198315 0.462864727 -0.305935264 -0.497381777 0.142196193 0.799246669
1520531155601190144.000000 0.773660421 -0.280171990 0.447742581 -0.291066021 -0.537527323 0.151730597 0.776738524
1520531156601422336.000000 1.044860840 -0.048678536 0.338679731 0.002097847 -0.707285404 -0.046518423 0.705392778
1520531157152081920.000000 1.105536580 0.077025510 0.253126204 0.085939109 -0.807828605 -0.163806647 0.559638143
1520531157603183872.000000 1.089994907 0.177769899 0.208366603 -0.132864565 0.859072864 0.246191517 -0.428638011
1520531158403395584.000000 1.146852612 0.147049814 0.034588043 -0.068545885 0.913859546 0.217524126 -0.335924774
1520531159202316800.000000 1.198904991 -0.124361672 -0.173003599 0.063271590 0.959943652 -0.139679015 -0.234509438
1520531159651362816.000000 1.205663681 -0.221251100 -0.234209284 0.081409097 0.941963315 -0.275131017 -0.174300179
1520531160001374976.000000 1.185883522 -0.270803094 -0.282003492 0.107936122 0.905165851 -0.381284326 -0.153775319
1520531160351305984.000000 1.157611966 -0.309764475 -0.348404676 0.103490278 0.911353588 -0.381465048 -0.114929684
1520531160651234560.000000 1.125035644 -0.217703640 -0.456073105 0.067288317 0.962546349 -0.253622413 -0.068208747
1520531160901232384.000000 1.089983106 -0.139417961 -0.528705716 0.039431684 0.989978075 -0.135408506 -0.007284889
1520531161401722368.000000 1.000435710 0.024603367 -0.633901417 0.017054666 0.985132694 0.066019125 0.157683834
1520531161601729536.000000 0.964267254 0.086254701 -0.639374197 0.028450105 0.963047683 0.158016473 0.216241911
1520531161852838144.000000 0.919576645 0.148352280 -0.626286328 0.081311189 0.923772573 0.256453782 0.272514462
1520531162102710784.000000 0.865866482 0.195120320 -0.614858150 0.120401315 0.879594862 0.326742500 0.324122965
1520531162552696064.000000 0.731496513 0.180543348 -0.631112576 0.135004178 0.851067901 0.295329571 0.412598819
1520531162802703872.000000 0.632909894 0.127370462 -0.658217967 0.106533319 0.849523604 0.192793116 0.479365379
1520531162952675072.000000 0.572099447 0.089848250 -0.675590396 0.079235293 0.845082641 0.132654354 0.511820197
1520531164351592448.000000 0.266240060 -0.251090586 -0.715978503 -0.182118192 0.749541938 -0.290364176 0.566311240
1520531164601448448.000000 0.201909691 -0.231211826 -0.716159463 -0.163496524 0.753573954 -0.252297312 0.584586442
1520531164901458432.000000 0.099743001 -0.161427826 -0.715790093 -0.108313017 0.750299394 -0.160188794 0.632185578
1520531165151586304.000000 0.019116933 -0.098866172 -0.713925481 -0.066861436 0.736757517 -0.077625275 0.668350399
1520531165401756416.000000 -0.040787570 -0.029933453 -0.708725512 -0.011864394 0.713656664 0.005780238 0.700371325
1520531165601763584.000000 -0.073826768 0.030879045 -0.700335145 0.061034914 0.695450187 0.069968574 0.712550461
1520531165802209024.000000 -0.102875635 0.089542538 -0.688127697 0.134843737 0.683021128 0.120193206 0.707709610
1520531166102217984.000000 -0.157292932 0.153014779 -0.647567630 0.206859499 0.637182593 0.194912493 0.716391385
1520531166352877568.000000 -0.187346920 0.189271897 -0.615809977 0.255485982 0.605702519 0.247458130 0.711769521
1520531166653147392.000000 -0.224192858 0.217920542 -0.587525129 0.296622545 0.567598879 0.272587597 0.718012929
1520531167053241344.000000 -0.363504529 0.174641490 -0.527903795 0.245085746 0.523828924 0.190302894 0.793297589
1520531167403252224.000000 -0.475144684 0.081003577 -0.472182572 0.153551862 0.481707335 0.075036772 0.859505296
1520531167852509696.000000 -0.559362054 -0.030765649 -0.377901167 0.041835751 0.436383665 -0.052460920 0.897255242
1520531168202549760.000000 -0.594951034 -0.136452496 -0.289454907 -0.111679979 0.388353139 -0.128214762 0.905687809
1520531169001898496.000000 -0.651832879 -0.153629363 -0.107161947 -0.153397277 0.243893981 -0.094524190 0.952916682
1520531169651833088.000000 -0.675181091 0.037176408 0.005282825 0.088103205 0.137245268 -0.021387285 0.986379325
1520531170352980224.000000 -0.632787704 0.148803577 0.099704564 0.223343685 0.044259500 0.008034988 0.973701239
1520531171003186688.000000 -0.557233870 0.148042724 0.226291940 0.299046338 -0.070121989 -0.029237434 0.951209426
1520531171653104640.000000 -0.391846746 0.002759061 0.415810376 0.045244548 -0.247401968 -0.032872528 0.967297554
1520531172302775296.000000 -0.192037374 -0.168134019 0.471912295 -0.155408591 -0.359814137 0.041567400 0.919050634
1520531172952058368.000000 -0.036726311 -0.194688573 0.491395175 -0.199977174 -0.470185459 0.088543162 0.855040848
1520531173602333952.000000 0.113306642 0.015291912 0.519106030 0.114537500 -0.565997720 -0.102913864 0.809899092
1520531174303151616.000000 0.200521544 0.199778348 0.477429658 0.329179823 -0.572953403 -0.249580562 0.707866251
1520531174953444096.000000 0.391742706 0.150821820 0.468706310 0.212959349 -0.655973077 -0.184346139 0.700260043
1520531176252461568.000000 0.762195230 -0.231810674 0.447772950 -0.250708401 -0.676576614 0.221887156 0.655862331
1520531176951910912.000000 0.965920269 -0.162991002 0.391419649 -0.139374673 -0.735395074 0.130136251 0.650256336
1520531177953156352.000000 1.133728147 0.124296620 0.212075680 0.119970955 -0.828155577 -0.220037729 0.501346886
1520531178654026752.000000 1.192619324 0.085415713 -0.012348216 -0.066678427 0.915892243 0.189412028 -0.347589463
1520531180751833344.000000 1.103962541 -0.107934557 -0.583639383 0.038670711 0.995154858 -0.088143051 0.020054150
1520531181252142848.000000 1.008542538 0.038667127 -0.675143540 0.064251110 0.972069800 0.096934453 0.203852445
1520531182403232256.000000 0.736741483 0.184812650 -0.472152084 0.266735971 0.539998174 0.189328805 0.775505304
1520531183153628672.000000 0.736283958 0.187495410 -0.394471407 0.347660422 0.207440138 0.108275905 0.907952189
1520531183952691968.000000 0.671957016 -0.166395709 -0.377662867 -0.211649194 0.193905488 -0.063975327 0.955778420
1520531185252630528.000000 0.658886313 0.088704005 -0.478217304 0.239287138 0.242893532 0.036573563 0.939365089
1520531186203697152.000000 0.774605095 0.141308382 -0.407422364 0.339869291 0.326501161 0.138378665 0.871055245
1520531187152841216.000000 0.778570771 -0.160664931 -0.204975396 -0.124124572 0.483199418 -0.085765541 0.862412691
1520531188152556032.000000 0.769153953 0.033267364 -0.018162759 0.122797541 0.608552933 0.109027684 0.776335657
1520531189103771136.000000 0.821940243 0.192698374 0.172081634 0.249553517 0.693146646 0.346846282 0.580489814
1520531189953370880.000000 0.587521374 -0.049646039 0.218342453 -0.009918910 0.846681118 -0.015714455 0.531776071
1520531190902809856.000000 0.429404348 -0.200148791 0.249833867 -0.066395044 0.917526186 -0.274188340 0.280282348
1520531191853429248.000000 0.195454791 0.039355688 0.207785860 0.005001986 0.979511201 0.123072155 0.159330130
1520531192753743616.000000 -0.015280028 0.118368231 0.241634116 -0.002542286 0.962877870 0.269733816 0.010170425
1520531194653350656.000000 -0.319945842 -0.028501978 -0.040973742 0.001766986 0.963155866 0.005429111 -0.268883169
1520531195704125440.000000 -0.364342242 0.196557194 -0.212600484 -0.209157169 0.800340772 0.335699201 -0.450570673
1520531196553991936.000000 -0.183260858 0.027424956 -0.373443782 0.047058284 -0.756800175 -0.080537356 0.646956563
1520531198753256192.000000 0.245434612 0.093628131 -0.486303329 0.210840717 -0.338182956 -0.038863987 0.916334033
1520531199704156160.000000 0.465141028 0.142478555 -0.507009566 0.292249650 -0.170552164 -0.041528437 0.940094411
1520531201002961408.000000 0.731017351 -0.199244693 -0.357748151 -0.250193655 0.065854184 -0.038271613 0.965195119
1520531202052879104.000000 0.841960788 0.011396076 -0.122167602 0.101341642 0.203923002 0.035491187 0.973080516
1520531203104133888.000000 0.910632074 0.199492306 -0.003787108 0.352945894 0.388671815 0.202794641 0.826581955
1520531204053974272.000000 0.674418330 0.011276922 0.190245122 0.087850697 0.621962607 0.028006237 0.777599156
1520531205102829056.000000 0.469472617 -0.218201339 0.250823587 -0.190131232 0.769570053 -0.247437552 0.557123601
1520531206704456192.000000 0.185522720 -0.110032633 0.240928978 0.365564853 0.929815650 0.041498907 -0.009110593
1520531207753884416.000000 -0.237387165 -0.121362902 0.241936579 -0.131511524 0.848909616 -0.064995147 0.507772446
1520531210203813376.000000 -0.471398979 0.026651859 -0.070065692 0.053609338 0.842540741 0.328668356 -0.423353523
1520531211403189760.000000 -0.456834704 -0.183416009 -0.401515782 0.181808233 0.852936506 -0.317929298 -0.371975809
1520531212503037184.000000 -0.210379153 -0.096180230 -0.392456740 -0.155501649 -0.596563458 0.062566578 0.784867287
1520531214703818496.000000 0.393261850 -0.027275039 -0.510074854 -0.013157819 -0.686180651 -0.045767397 0.725870728
1520531218153358080.000000 0.659476340 -0.086060107 -0.453901172 0.122332662 0.992068291 0.021303385 -0.019528721
1520531219104402688.000000 0.017784769 -0.022209156 -0.418887645 -0.111244664 0.870511591 0.070769608 0.474158078
1520531220904373760.000000 0.406525284 -0.177765429 -0.497061312 0.144782409 0.909963250 0.009870651 -0.388468146
1520531223853713664.000000 0.477280736 -0.164970025 -0.365710646 0.103759147 0.942763686 -0.110414781 -0.297050923
1520531224903513856.000000 0.256746262 -0.156813502 -0.400221944 0.037321873 0.870483339 -0.026170732 -0.490082532
1520531226103636992.000000 0.195969030 -0.208171099 -0.472252131 0.026666680 0.958201408 -0.282609761 0.035645839
1520531227953307136.000000 0.206381425 -0.128511518 -0.478985101 0.011457630 0.999390364 0.023760833 -0.022870084
1520531230003777792.000000 0.243318528 -0.112441406 -0.467112124 0.385559678 0.921470165 0.046569828 0.008232681
1520531231856095744.000000 0.231332734 0.012176757 -0.550837159 0.000290251 0.999380052 -0.032680906 -0.013091152
1520531232853925120.000000 0.437612236 -0.134513557 -0.310071886 0.081024550 0.977663398 -0.037047137 -0.190359652
1520531233853615104.000000 -0.124895014 -0.108614758 -0.451567829 -0.087478057 0.983300447 0.037346069 0.155155033
1520531234554197504.000000 0.009163735 0.041112974 -0.392007798 -0.012798585 0.998937726 0.044160224 -0.003076979
1520531235454116352.000000 0.070139296 0.069332793 -0.342876285 -0.045181762 0.993164361 0.001029701 -0.107620157
